  0.0000    1    9.000   1.0000     imagestim
  9.0000    0    1.750   1.0000          NULL 
 10.7500    1    9.000   1.0000     imagestim
 19.7500    0    2.000   1.0000          NULL 
 21.7500    2   14.000   1.0000     videostim
 35.7500    0    2.250   1.0000          NULL 
 38.0000    1    9.000   1.0000     imagestim
 47.0000    0    6.000   1.0000          NULL 
 53.0000    2   14.000   1.0000     videostim
 67.0000    0    3.750   1.0000          NULL 
 70.7500    1    9.000   1.0000     imagestim
 79.7500    0    1.250   1.0000          NULL 
 81.0000    1    9.000   1.0000     imagestim
 90.0000    0    2.250   1.0000          NULL 
 92.2500    2   14.000   1.0000     videostim
106.2500    0    2.000   1.0000          NULL 
108.2500    1    9.000   1.0000     imagestim
117.2500    0    2.000   1.0000          NULL 
119.2500    1    9.000   1.0000     imagestim
128.2500    0    1.250   1.0000          NULL 
129.5000    2   14.000   1.0000     videostim
143.5000    0    6.500   1.0000          NULL 
150.0000    1    9.000   1.0000     imagestim
159.0000    0    1.250   1.0000          NULL 
160.2500    2   14.000   1.0000     videostim
174.2500    0    4.750   1.0000          NULL 
179.0000    1    9.000   1.0000     imagestim
188.0000    0    3.500   1.0000          NULL 
191.5000    2   14.000   1.0000     videostim
205.5000    0    1.500   1.0000          NULL 
207.0000    2   14.000   1.0000     videostim
221.0000    0    6.500   1.0000          NULL 
227.5000    2   14.000   1.0000     videostim
241.5000    0    1.250   1.0000          NULL 
242.7500    2   14.000   1.0000     videostim
256.7500    0    6.750   1.0000          NULL 
263.5000    1    9.000   1.0000     imagestim
272.5000    0    2.000   1.0000          NULL 
274.5000    1    9.000   1.0000     imagestim
283.5000    0    1.500   1.0000          NULL 
285.0000    2   14.000   1.0000     videostim
299.0000    0    2.250   1.0000          NULL 
301.2500    2   14.000   1.0000     videostim
315.2500    0    5.500   1.0000          NULL 
320.7500    2   14.000   1.0000     videostim
334.7500    0    1.250   1.0000          NULL 
336.0000    1    9.000   1.0000     imagestim
345.0000    0    1.250   1.0000          NULL 
346.2500    1    9.000   1.0000     imagestim
355.2500    0    2.750   1.0000          NULL 
358.0000    2   14.000   1.0000     videostim
372.0000    0    2.000   1.0000          NULL 
374.0000    1    9.000   1.0000     imagestim
383.0000    0    3.500   1.0000          NULL 
386.5000    2   14.000   1.0000     videostim
400.5000    0    2.000   1.0000          NULL 
