  0.0000    1    9.000   1.0000     imagestim
  9.0000    0    1.250   1.0000          NULL 
 10.2500    1    9.000   1.0000     imagestim
 19.2500    0    1.000   1.0000          NULL 
 20.2500    1    9.000   1.0000     imagestim
 29.2500    0    9.750   1.0000          NULL 
 39.0000    2   14.000   1.0000     videostim
 53.0000    0    1.250   1.0000          NULL 
 54.2500    1    9.000   1.0000     imagestim
 63.2500    0    2.500   1.0000          NULL 
 65.7500    2   14.000   1.0000     videostim
 79.7500    0    3.750   1.0000          NULL 
 83.5000    2   14.000   1.0000     videostim
 97.5000    0    3.250   1.0000          NULL 
100.7500    1    9.000   1.0000     imagestim
109.7500    0    3.250   1.0000          NULL 
113.0000    1    9.000   1.0000     imagestim
122.0000    0    2.500   1.0000          NULL 
124.5000    2   14.000   1.0000     videostim
138.5000    0    2.250   1.0000          NULL 
140.7500    1    9.000   1.0000     imagestim
149.7500    0    1.750   1.0000          NULL 
151.5000    2   14.000   1.0000     videostim
165.5000    0    2.000   1.0000          NULL 
167.5000    1    9.000   1.0000     imagestim
176.5000    0    7.250   1.0000          NULL 
183.7500    2   14.000   1.0000     videostim
197.7500    0    1.500   1.0000          NULL 
199.2500    2   14.000   1.0000     videostim
213.2500    0    3.500   1.0000          NULL 
216.7500    2   14.000   1.0000     videostim
230.7500    0    1.750   1.0000          NULL 
232.5000    1    9.000   1.0000     imagestim
241.5000    0    2.500   1.0000          NULL 
244.0000    1    9.000   1.0000     imagestim
253.0000    0    5.000   1.0000          NULL 
258.0000    2   14.000   1.0000     videostim
272.0000    0    4.250   1.0000          NULL 
276.2500    2   14.000   1.0000     videostim
290.2500    0    2.250   1.0000          NULL 
292.5000    1    9.000   1.0000     imagestim
301.5000    0    2.250   1.0000          NULL 
303.7500    2   14.000   1.0000     videostim
317.7500    0    2.750   1.0000          NULL 
320.5000    1    9.000   1.0000     imagestim
329.5000    0    2.000   1.0000          NULL 
331.5000    2   14.000   1.0000     videostim
345.5000    0    1.000   1.0000          NULL 
346.5000    2   14.000   1.0000     videostim
360.5000    0    2.250   1.0000          NULL 
362.7500    1    9.000   1.0000     imagestim
371.7500    0    1.500   1.0000          NULL 
373.2500    1    9.000   1.0000     imagestim
382.2500    0    3.750   1.0000          NULL 
386.0000    2   14.000   1.0000     videostim
400.0000    0    2.500   1.0000          NULL 
