  0.0000    2   14.000   1.0000     videostim
 14.0000    0    1.500   1.0000          NULL 
 15.5000    2   14.000   1.0000     videostim
 29.5000    0    2.250   1.0000          NULL 
 31.7500    2   14.000   1.0000     videostim
 45.7500    0    8.500   1.0000          NULL 
 54.2500    1    9.000   1.0000     imagestim
 63.2500    0    4.500   1.0000          NULL 
 67.7500    2   14.000   1.0000     videostim
 81.7500    0    4.500   1.0000          NULL 
 86.2500    1    9.000   1.0000     imagestim
 95.2500    0    1.000   1.0000          NULL 
 96.2500    1    9.000   1.0000     imagestim
105.2500    0    2.500   1.0000          NULL 
107.7500    1    9.000   1.0000     imagestim
116.7500    0    3.250   1.0000          NULL 
120.0000    2   14.000   1.0000     videostim
134.0000    0    1.750   1.0000          NULL 
135.7500    2   14.000   1.0000     videostim
149.7500    0    2.750   1.0000          NULL 
152.5000    1    9.000   1.0000     imagestim
161.5000    0    8.000   1.0000          NULL 
169.5000    2   14.000   1.0000     videostim
183.5000    0    1.750   1.0000          NULL 
185.2500    1    9.000   1.0000     imagestim
194.2500    0    2.500   1.0000          NULL 
196.7500    1    9.000   1.0000     imagestim
205.7500    0    3.250   1.0000          NULL 
209.0000    1    9.000   1.0000     imagestim
218.0000    0    2.250   1.0000          NULL 
220.2500    1    9.000   1.0000     imagestim
229.2500    0    1.500   1.0000          NULL 
230.7500    2   14.000   1.0000     videostim
244.7500    0    1.500   1.0000          NULL 
246.2500    1    9.000   1.0000     imagestim
255.2500    0    3.750   1.0000          NULL 
259.0000    2   14.000   1.0000     videostim
273.0000    0    1.000   1.0000          NULL 
274.0000    1    9.000   1.0000     imagestim
283.0000    0    1.250   1.0000          NULL 
284.2500    1    9.000   1.0000     imagestim
293.2500    0    1.500   1.0000          NULL 
294.7500    2   14.000   1.0000     videostim
308.7500    0    2.750   1.0000          NULL 
311.5000    1    9.000   1.0000     imagestim
320.5000    0    5.500   1.0000          NULL 
326.0000    2   14.000   1.0000     videostim
340.0000    0    1.250   1.0000          NULL 
341.2500    2   14.000   1.0000     videostim
355.2500    0    4.000   1.0000          NULL 
359.2500    2   14.000   1.0000     videostim
373.2500    0    1.000   1.0000          NULL 
374.2500    1    9.000   1.0000     imagestim
383.2500    0    1.750   1.0000          NULL 
385.0000    2   14.000   1.0000     videostim
399.0000    0    3.500   1.0000          NULL 
