  0.0000    2   14.000   1.0000     videostim
 14.0000    0    2.250   1.0000          NULL 
 16.2500    2   14.000   1.0000     videostim
 30.2500    0    1.500   1.0000          NULL 
 31.7500    1    9.000   1.0000     imagestim
 40.7500    0    2.250   1.0000          NULL 
 43.0000    2   14.000   1.0000     videostim
 57.0000    0    1.000   1.0000          NULL 
 58.0000    1    9.000   1.0000     imagestim
 67.0000    0    1.250   1.0000          NULL 
 68.2500    2   14.000   1.0000     videostim
 82.2500    0    2.750   1.0000          NULL 
 85.0000    1    9.000   1.0000     imagestim
 94.0000    0    1.750   1.0000          NULL 
 95.7500    1    9.000   1.0000     imagestim
104.7500    0    1.750   1.0000          NULL 
106.5000    2   14.000   1.0000     videostim
120.5000    0    1.750   1.0000          NULL 
122.2500    1    9.000   1.0000     imagestim
131.2500    0    1.500   1.0000          NULL 
132.7500    2   14.000   1.0000     videostim
146.7500    0    3.500   1.0000          NULL 
150.2500    1    9.000   1.0000     imagestim
159.2500    0    1.250   1.0000          NULL 
160.5000    2   14.000   1.0000     videostim
174.5000    0    3.750   1.0000          NULL 
178.2500    2   14.000   1.0000     videostim
192.2500    0    2.750   1.0000          NULL 
195.0000    1    9.000   1.0000     imagestim
204.0000    0    3.000   1.0000          NULL 
207.0000    1    9.000   1.0000     imagestim
216.0000    0    1.000   1.0000          NULL 
217.0000    2   14.000   1.0000     videostim
231.0000    0    3.000   1.0000          NULL 
234.0000    2   14.000   1.0000     videostim
248.0000    0    1.000   1.0000          NULL 
249.0000    1    9.000   1.0000     imagestim
258.0000    0    7.250   1.0000          NULL 
265.2500    2   14.000   1.0000     videostim
279.2500    0    9.000   1.0000          NULL 
288.2500    1    9.000   1.0000     imagestim
297.2500    0    4.500   1.0000          NULL 
301.7500    2   14.000   1.0000     videostim
315.7500    0    8.000   1.0000          NULL 
323.7500    1    9.000   1.0000     imagestim
332.7500    0    2.000   1.0000          NULL 
334.7500    1    9.000   1.0000     imagestim
343.7500    0    4.750   1.0000          NULL 
348.5000    2   14.000   1.0000     videostim
362.5000    0    4.000   1.0000          NULL 
366.5000    1    9.000   1.0000     imagestim
375.5000    0    1.250   1.0000          NULL 
376.7500    1    9.000   1.0000     imagestim
385.7500    0    1.750   1.0000          NULL 
387.5000    2   14.000   1.0000     videostim
401.5000    0    1.000   1.0000          NULL 
