  0.0000    1    9.000   1.0000     imagestim
  9.0000    0    1.250   1.0000          NULL 
 10.2500    2   14.000   1.0000     videostim
 24.2500    0    1.500   1.0000          NULL 
 25.7500    2   14.000   1.0000     videostim
 39.7500    0    5.000   1.0000          NULL 
 44.7500    1    9.000   1.0000     imagestim
 53.7500    0    3.500   1.0000          NULL 
 57.2500    2   14.000   1.0000     videostim
 71.2500    0    5.500   1.0000          NULL 
 76.7500    1    9.000   1.0000     imagestim
 85.7500    0    2.250   1.0000          NULL 
 88.0000    1    9.000   1.0000     imagestim
 97.0000    0    1.000   1.0000          NULL 
 98.0000    2   14.000   1.0000     videostim
112.0000    0    6.250   1.0000          NULL 
118.2500    2   14.000   1.0000     videostim
132.2500    0    2.000   1.0000          NULL 
134.2500    1    9.000   1.0000     imagestim
143.2500    0    6.000   1.0000          NULL 
149.2500    1    9.000   1.0000     imagestim
158.2500    0    2.000   1.0000          NULL 
160.2500    2   14.000   1.0000     videostim
174.2500    0    4.500   1.0000          NULL 
178.7500    1    9.000   1.0000     imagestim
187.7500    0    1.750   1.0000          NULL 
189.5000    1    9.000   1.0000     imagestim
198.5000    0    1.750   1.0000          NULL 
200.2500    1    9.000   1.0000     imagestim
209.2500    0    3.750   1.0000          NULL 
213.0000    2   14.000   1.0000     videostim
227.0000    0    1.250   1.0000          NULL 
228.2500    2   14.000   1.0000     videostim
242.2500    0    3.000   1.0000          NULL 
245.2500    2   14.000   1.0000     videostim
259.2500    0    4.750   1.0000          NULL 
264.0000    2   14.000   1.0000     videostim
278.0000    0    4.500   1.0000          NULL 
282.5000    1    9.000   1.0000     imagestim
291.5000    0    1.500   1.0000          NULL 
293.0000    1    9.000   1.0000     imagestim
302.0000    0    1.250   1.0000          NULL 
303.2500    2   14.000   1.0000     videostim
317.2500    0    1.000   1.0000          NULL 
318.2500    1    9.000   1.0000     imagestim
327.2500    0    1.750   1.0000          NULL 
329.0000    1    9.000   1.0000     imagestim
338.0000    0    3.750   1.0000          NULL 
341.7500    2   14.000   1.0000     videostim
355.7500    0    3.750   1.0000          NULL 
359.5000    2   14.000   1.0000     videostim
373.5000    0    1.500   1.0000          NULL 
375.0000    1    9.000   1.0000     imagestim
384.0000    0    3.250   1.0000          NULL 
387.2500    2   14.000   1.0000     videostim
401.2500    0    1.250   1.0000          NULL 
