  0.0000    1    9.000   1.0000     imagestim
  9.0000    0    1.000   1.0000          NULL 
 10.0000    1    9.000   1.0000     imagestim
 19.0000    0    3.250   1.0000          NULL 
 22.2500    1    9.000   1.0000     imagestim
 31.2500    0    3.000   1.0000          NULL 
 34.2500    2   14.000   1.0000     videostim
 48.2500    0    4.250   1.0000          NULL 
 52.5000    2   14.000   1.0000     videostim
 66.5000    0    2.500   1.0000          NULL 
 69.0000    2   14.000   1.0000     videostim
 83.0000    0    3.750   1.0000          NULL 
 86.7500    1    9.000   1.0000     imagestim
 95.7500    0    2.500   1.0000          NULL 
 98.2500    2   14.000   1.0000     videostim
112.2500    0    2.500   1.0000          NULL 
114.7500    2   14.000   1.0000     videostim
128.7500    0    4.000   1.0000          NULL 
132.7500    1    9.000   1.0000     imagestim
141.7500    0    2.000   1.0000          NULL 
143.7500    1    9.000   1.0000     imagestim
152.7500    0    2.500   1.0000          NULL 
155.2500    1    9.000   1.0000     imagestim
164.2500    0    1.000   1.0000          NULL 
165.2500    2   14.000   1.0000     videostim
179.2500    0    2.500   1.0000          NULL 
181.7500    2   14.000   1.0000     videostim
195.7500    0    3.250   1.0000          NULL 
199.0000    2   14.000   1.0000     videostim
213.0000    0    6.000   1.0000          NULL 
219.0000    2   14.000   1.0000     videostim
233.0000    0    2.000   1.0000          NULL 
235.0000    1    9.000   1.0000     imagestim
244.0000    0    1.250   1.0000          NULL 
245.2500    2   14.000   1.0000     videostim
259.2500    0    5.000   1.0000          NULL 
264.2500    1    9.000   1.0000     imagestim
273.2500    0    2.000   1.0000          NULL 
275.2500    2   14.000   1.0000     videostim
289.2500    0    2.000   1.0000          NULL 
291.2500    1    9.000   1.0000     imagestim
300.2500    0    2.250   1.0000          NULL 
302.5000    1    9.000   1.0000     imagestim
311.5000    0    3.250   1.0000          NULL 
314.7500    1    9.000   1.0000     imagestim
323.7500    0    4.000   1.0000          NULL 
327.7500    2   14.000   1.0000     videostim
341.7500    0    4.250   1.0000          NULL 
346.0000    1    9.000   1.0000     imagestim
355.0000    0    2.000   1.0000          NULL 
357.0000    2   14.000   1.0000     videostim
371.0000    0    5.500   1.0000          NULL 
376.5000    1    9.000   1.0000     imagestim
385.5000    0    1.750   1.0000          NULL 
387.2500    2   14.000   1.0000     videostim
401.2500    0    1.250   1.0000          NULL 
