  0.0000    1    9.000   1.0000     imagestim
  9.0000    0    4.250   1.0000          NULL 
 13.2500    2   14.000   1.0000     videostim
 27.2500    0    3.000   1.0000          NULL 
 30.2500    1    9.000   1.0000     imagestim
 39.2500    0    3.000   1.0000          NULL 
 42.2500    1    9.000   1.0000     imagestim
 51.2500    0    3.500   1.0000          NULL 
 54.7500    1    9.000   1.0000     imagestim
 63.7500    0    1.500   1.0000          NULL 
 65.2500    1    9.000   1.0000     imagestim
 74.2500    0    2.750   1.0000          NULL 
 77.0000    2   14.000   1.0000     videostim
 91.0000    0    5.250   1.0000          NULL 
 96.2500    1    9.000   1.0000     imagestim
105.2500    0    1.250   1.0000          NULL 
106.5000    1    9.000   1.0000     imagestim
115.5000    0    4.250   1.0000          NULL 
119.7500    1    9.000   1.0000     imagestim
128.7500    0    1.250   1.0000          NULL 
130.0000    2   14.000   1.0000     videostim
144.0000    0    1.000   1.0000          NULL 
145.0000    1    9.000   1.0000     imagestim
154.0000    0    2.750   1.0000          NULL 
156.7500    1    9.000   1.0000     imagestim
165.7500    0    1.500   1.0000          NULL 
167.2500    1    9.000   1.0000     imagestim
176.2500    0    1.500   1.0000          NULL 
177.7500    2   14.000   1.0000     videostim
191.7500    0    3.000   1.0000          NULL 
194.7500    2   14.000   1.0000     videostim
208.7500    0    3.750   1.0000          NULL 
212.5000    2   14.000   1.0000     videostim
226.5000    0    5.750   1.0000          NULL 
232.2500    1    9.000   1.0000     imagestim
241.2500    0    4.750   1.0000          NULL 
246.0000    2   14.000   1.0000     videostim
260.0000    0    1.000   1.0000          NULL 
261.0000    2   14.000   1.0000     videostim
275.0000    0    6.500   1.0000          NULL 
281.5000    2   14.000   1.0000     videostim
295.5000    0    1.000   1.0000          NULL 
296.5000    2   14.000   1.0000     videostim
310.5000    0    2.500   1.0000          NULL 
313.0000    1    9.000   1.0000     imagestim
322.0000    0    1.000   1.0000          NULL 
323.0000    1    9.000   1.0000     imagestim
332.0000    0    2.500   1.0000          NULL 
334.5000    2   14.000   1.0000     videostim
348.5000    0    1.500   1.0000          NULL 
350.0000    2   14.000   1.0000     videostim
364.0000    0    1.250   1.0000          NULL 
365.2500    2   14.000   1.0000     videostim
379.2500    0    2.750   1.0000          NULL 
382.0000    2   14.000   1.0000     videostim
396.0000    0    6.500   1.0000          NULL 
