  0.0000    1    9.000   1.0000     imagestim
  9.0000    0    1.000   1.0000          NULL 
 10.0000    2   14.000   1.0000     videostim
 24.0000    0    1.500   1.0000          NULL 
 25.5000    1    9.000   1.0000     imagestim
 34.5000    0    8.250   1.0000          NULL 
 42.7500    1    9.000   1.0000     imagestim
 51.7500    0    1.250   1.0000          NULL 
 53.0000    2   14.000   1.0000     videostim
 67.0000    0    1.500   1.0000          NULL 
 68.5000    1    9.000   1.0000     imagestim
 77.5000    0    3.750   1.0000          NULL 
 81.2500    1    9.000   1.0000     imagestim
 90.2500    0    7.000   1.0000          NULL 
 97.2500    1    9.000   1.0000     imagestim
106.2500    0    2.250   1.0000          NULL 
108.5000    2   14.000   1.0000     videostim
122.5000    0    1.250   1.0000          NULL 
123.7500    1    9.000   1.0000     imagestim
132.7500    0    2.500   1.0000          NULL 
135.2500    1    9.000   1.0000     imagestim
144.2500    0    1.250   1.0000          NULL 
145.5000    1    9.000   1.0000     imagestim
154.5000    0    6.250   1.0000          NULL 
160.7500    2   14.000   1.0000     videostim
174.7500    0    3.000   1.0000          NULL 
177.7500    2   14.000   1.0000     videostim
191.7500    0    1.250   1.0000          NULL 
193.0000    2   14.000   1.0000     videostim
207.0000    0    5.500   1.0000          NULL 
212.5000    2   14.000   1.0000     videostim
226.5000    0    3.250   1.0000          NULL 
229.7500    2   14.000   1.0000     videostim
243.7500    0    1.500   1.0000          NULL 
245.2500    2   14.000   1.0000     videostim
259.2500    0    2.750   1.0000          NULL 
262.0000    2   14.000   1.0000     videostim
276.0000    0    3.500   1.0000          NULL 
279.5000    2   14.000   1.0000     videostim
293.5000    0    2.000   1.0000          NULL 
295.5000    1    9.000   1.0000     imagestim
304.5000    0    1.500   1.0000          NULL 
306.0000    1    9.000   1.0000     imagestim
315.0000    0    3.750   1.0000          NULL 
318.7500    2   14.000   1.0000     videostim
332.7500    0    4.500   1.0000          NULL 
337.2500    2   14.000   1.0000     videostim
351.2500    0    2.750   1.0000          NULL 
354.0000    1    9.000   1.0000     imagestim
363.0000    0    1.000   1.0000          NULL 
364.0000    1    9.000   1.0000     imagestim
373.0000    0    1.000   1.0000          NULL 
374.0000    1    9.000   1.0000     imagestim
383.0000    0    1.250   1.0000          NULL 
384.2500    2   14.000   1.0000     videostim
398.2500    0    4.250   1.0000          NULL 
