  0.0000    1    9.000   1.0000     imagestim
  9.0000    0    2.250   1.0000          NULL 
 11.2500    2   14.000   1.0000     videostim
 25.2500    0   10.750   1.0000          NULL 
 36.0000    1    9.000   1.0000     imagestim
 45.0000    0    1.500   1.0000          NULL 
 46.5000    1    9.000   1.0000     imagestim
 55.5000    0    5.500   1.0000          NULL 
 61.0000    1    9.000   1.0000     imagestim
 70.0000    0    2.500   1.0000          NULL 
 72.5000    1    9.000   1.0000     imagestim
 81.5000    0    1.000   1.0000          NULL 
 82.5000    2   14.000   1.0000     videostim
 96.5000    0    1.500   1.0000          NULL 
 98.0000    2   14.000   1.0000     videostim
112.0000    0    2.500   1.0000          NULL 
114.5000    1    9.000   1.0000     imagestim
123.5000    0    2.500   1.0000          NULL 
126.0000    2   14.000   1.0000     videostim
140.0000    0    2.000   1.0000          NULL 
142.0000    1    9.000   1.0000     imagestim
151.0000    0    1.750   1.0000          NULL 
152.7500    2   14.000   1.0000     videostim
166.7500    0    4.000   1.0000          NULL 
170.7500    2   14.000   1.0000     videostim
184.7500    0    1.750   1.0000          NULL 
186.5000    2   14.000   1.0000     videostim
200.5000    0    2.750   1.0000          NULL 
203.2500    1    9.000   1.0000     imagestim
212.2500    0    2.750   1.0000          NULL 
215.0000    1    9.000   1.0000     imagestim
224.0000    0    2.250   1.0000          NULL 
226.2500    1    9.000   1.0000     imagestim
235.2500    0    1.250   1.0000          NULL 
236.5000    1    9.000   1.0000     imagestim
245.5000    0    1.750   1.0000          NULL 
247.2500    1    9.000   1.0000     imagestim
256.2500    0    2.250   1.0000          NULL 
258.5000    2   14.000   1.0000     videostim
272.5000    0    4.750   1.0000          NULL 
277.2500    2   14.000   1.0000     videostim
291.2500    0    4.000   1.0000          NULL 
295.2500    1    9.000   1.0000     imagestim
304.2500    0    1.250   1.0000          NULL 
305.5000    2   14.000   1.0000     videostim
319.5000    0    1.000   1.0000          NULL 
320.5000    2   14.000   1.0000     videostim
334.5000    0    6.500   1.0000          NULL 
341.0000    2   14.000   1.0000     videostim
355.0000    0    1.500   1.0000          NULL 
356.5000    2   14.000   1.0000     videostim
370.5000    0    4.750   1.0000          NULL 
375.2500    1    9.000   1.0000     imagestim
384.2500    0    1.250   1.0000          NULL 
385.5000    2   14.000   1.0000     videostim
399.5000    0    3.000   1.0000          NULL 
