  0.0000    1    9.000   1.0000     imagestim
  9.0000    0    1.250   1.0000          NULL 
 10.2500    1    9.000   1.0000     imagestim
 19.2500    0    3.250   1.0000          NULL 
 22.5000    2   14.000   1.0000     videostim
 36.5000    0    1.500   1.0000          NULL 
 38.0000    1    9.000   1.0000     imagestim
 47.0000    0    5.250   1.0000          NULL 
 52.2500    1    9.000   1.0000     imagestim
 61.2500    0    1.500   1.0000          NULL 
 62.7500    2   14.000   1.0000     videostim
 76.7500    0    6.000   1.0000          NULL 
 82.7500    1    9.000   1.0000     imagestim
 91.7500    0    7.500   1.0000          NULL 
 99.2500    2   14.000   1.0000     videostim
113.2500    0    2.750   1.0000          NULL 
116.0000    2   14.000   1.0000     videostim
130.0000    0    1.500   1.0000          NULL 
131.5000    1    9.000   1.0000     imagestim
140.5000    0    2.500   1.0000          NULL 
143.0000    2   14.000   1.0000     videostim
157.0000    0    2.500   1.0000          NULL 
159.5000    2   14.000   1.0000     videostim
173.5000    0    4.250   1.0000          NULL 
177.7500    2   14.000   1.0000     videostim
191.7500    0    1.500   1.0000          NULL 
193.2500    1    9.000   1.0000     imagestim
202.2500    0    1.000   1.0000          NULL 
203.2500    1    9.000   1.0000     imagestim
212.2500    0    1.750   1.0000          NULL 
214.0000    2   14.000   1.0000     videostim
228.0000    0    3.500   1.0000          NULL 
231.5000    2   14.000   1.0000     videostim
245.5000    0    1.250   1.0000          NULL 
246.7500    1    9.000   1.0000     imagestim
255.7500    0    6.000   1.0000          NULL 
261.7500    2   14.000   1.0000     videostim
275.7500    0    3.750   1.0000          NULL 
279.5000    1    9.000   1.0000     imagestim
288.5000    0    2.000   1.0000          NULL 
290.5000    1    9.000   1.0000     imagestim
299.5000    0    1.000   1.0000          NULL 
300.5000    1    9.000   1.0000     imagestim
309.5000    0    3.750   1.0000          NULL 
313.2500    2   14.000   1.0000     videostim
327.2500    0    4.750   1.0000          NULL 
332.0000    2   14.000   1.0000     videostim
346.0000    0    1.500   1.0000          NULL 
347.5000    1    9.000   1.0000     imagestim
356.5000    0    1.000   1.0000          NULL 
357.5000    1    9.000   1.0000     imagestim
366.5000    0    2.500   1.0000          NULL 
369.0000    2   14.000   1.0000     videostim
383.0000    0    1.000   1.0000          NULL 
384.0000    2   14.000   1.0000     videostim
398.0000    0    4.500   1.0000          NULL 
