  0.0000    2   14.000   1.0000     videostim
 14.0000    0    2.000   1.0000          NULL 
 16.0000    1    9.000   1.0000     imagestim
 25.0000    0    4.750   1.0000          NULL 
 29.7500    1    9.000   1.0000     imagestim
 38.7500    0    4.750   1.0000          NULL 
 43.5000    2   14.000   1.0000     videostim
 57.5000    0    3.250   1.0000          NULL 
 60.7500    1    9.000   1.0000     imagestim
 69.7500    0    1.500   1.0000          NULL 
 71.2500    2   14.000   1.0000     videostim
 85.2500    0    2.500   1.0000          NULL 
 87.7500    1    9.000   1.0000     imagestim
 96.7500    0    1.250   1.0000          NULL 
 98.0000    2   14.000   1.0000     videostim
112.0000    0    3.250   1.0000          NULL 
115.2500    2   14.000   1.0000     videostim
129.2500    0    3.250   1.0000          NULL 
132.5000    2   14.000   1.0000     videostim
146.5000    0    4.500   1.0000          NULL 
151.0000    2   14.000   1.0000     videostim
165.0000    0    1.000   1.0000          NULL 
166.0000    1    9.000   1.0000     imagestim
175.0000    0    2.250   1.0000          NULL 
177.2500    1    9.000   1.0000     imagestim
186.2500    0    1.750   1.0000          NULL 
188.0000    1    9.000   1.0000     imagestim
197.0000    0    4.750   1.0000          NULL 
201.7500    2   14.000   1.0000     videostim
215.7500    0    1.750   1.0000          NULL 
217.5000    1    9.000   1.0000     imagestim
226.5000    0    1.500   1.0000          NULL 
228.0000    2   14.000   1.0000     videostim
242.0000    0    1.500   1.0000          NULL 
243.5000    2   14.000   1.0000     videostim
257.5000    0    3.250   1.0000          NULL 
260.7500    2   14.000   1.0000     videostim
274.7500    0    2.250   1.0000          NULL 
277.0000    1    9.000   1.0000     imagestim
286.0000    0    1.000   1.0000          NULL 
287.0000    1    9.000   1.0000     imagestim
296.0000    0    3.000   1.0000          NULL 
299.0000    1    9.000   1.0000     imagestim
308.0000    0    1.000   1.0000          NULL 
309.0000    1    9.000   1.0000     imagestim
318.0000    0    5.000   1.0000          NULL 
323.0000    2   14.000   1.0000     videostim
337.0000    0    6.750   1.0000          NULL 
343.7500    2   14.000   1.0000     videostim
357.7500    0    3.750   1.0000          NULL 
361.5000    1    9.000   1.0000     imagestim
370.5000    0    3.250   1.0000          NULL 
373.7500    2   14.000   1.0000     videostim
387.7500    0    2.250   1.0000          NULL 
390.0000    1    9.000   1.0000     imagestim
399.0000    0    3.500   1.0000          NULL 
