  0.0000    1    9.000   1.0000     imagestim
  9.0000    0    1.750   1.0000          NULL 
 10.7500    1    9.000   1.0000     imagestim
 19.7500    0    1.000   1.0000          NULL 
 20.7500    1    9.000   1.0000     imagestim
 29.7500    0    2.750   1.0000          NULL 
 32.5000    2   14.000   1.0000     videostim
 46.5000    0    1.250   1.0000          NULL 
 47.7500    1    9.000   1.0000     imagestim
 56.7500    0    6.750   1.0000          NULL 
 63.5000    2   14.000   1.0000     videostim
 77.5000    0    1.250   1.0000          NULL 
 78.7500    2   14.000   1.0000     videostim
 92.7500    0    5.000   1.0000          NULL 
 97.7500    1    9.000   1.0000     imagestim
106.7500    0    7.000   1.0000          NULL 
113.7500    1    9.000   1.0000     imagestim
122.7500    0    1.000   1.0000          NULL 
123.7500    1    9.000   1.0000     imagestim
132.7500    0    2.250   1.0000          NULL 
135.0000    2   14.000   1.0000     videostim
149.0000    0    3.500   1.0000          NULL 
152.5000    2   14.000   1.0000     videostim
166.5000    0    1.750   1.0000          NULL 
168.2500    1    9.000   1.0000     imagestim
177.2500    0    1.500   1.0000          NULL 
178.7500    1    9.000   1.0000     imagestim
187.7500    0    5.500   1.0000          NULL 
193.2500    2   14.000   1.0000     videostim
207.2500    0    2.500   1.0000          NULL 
209.7500    2   14.000   1.0000     videostim
223.7500    0    1.000   1.0000          NULL 
224.7500    1    9.000   1.0000     imagestim
233.7500    0    1.250   1.0000          NULL 
235.0000    1    9.000   1.0000     imagestim
244.0000    0    2.750   1.0000          NULL 
246.7500    2   14.000   1.0000     videostim
260.7500    0    1.250   1.0000          NULL 
262.0000    2   14.000   1.0000     videostim
276.0000    0    3.500   1.0000          NULL 
279.5000    1    9.000   1.0000     imagestim
288.5000    0    3.750   1.0000          NULL 
292.2500    2   14.000   1.0000     videostim
306.2500    0    4.250   1.0000          NULL 
310.5000    1    9.000   1.0000     imagestim
319.5000    0    4.000   1.0000          NULL 
323.5000    2   14.000   1.0000     videostim
337.5000    0    4.000   1.0000          NULL 
341.5000    2   14.000   1.0000     videostim
355.5000    0    2.500   1.0000          NULL 
358.0000    2   14.000   1.0000     videostim
372.0000    0    3.500   1.0000          NULL 
375.5000    1    9.000   1.0000     imagestim
384.5000    0    1.500   1.0000          NULL 
386.0000    2   14.000   1.0000     videostim
400.0000    0    2.500   1.0000          NULL 
