  0.0000    1    9.000   1.0000     imagestim
  9.0000    0    1.500   1.0000          NULL 
 10.5000    1    9.000   1.0000     imagestim
 19.5000    0    1.000   1.0000          NULL 
 20.5000    2   14.000   1.0000     videostim
 34.5000    0    4.750   1.0000          NULL 
 39.2500    2   14.000   1.0000     videostim
 53.2500    0    3.500   1.0000          NULL 
 56.7500    1    9.000   1.0000     imagestim
 65.7500    0    3.750   1.0000          NULL 
 69.5000    2   14.000   1.0000     videostim
 83.5000    0    2.500   1.0000          NULL 
 86.0000    1    9.000   1.0000     imagestim
 95.0000    0    1.500   1.0000          NULL 
 96.5000    1    9.000   1.0000     imagestim
105.5000    0    1.000   1.0000          NULL 
106.5000    2   14.000   1.0000     videostim
120.5000    0    3.250   1.0000          NULL 
123.7500    1    9.000   1.0000     imagestim
132.7500    0    1.500   1.0000          NULL 
134.2500    1    9.000   1.0000     imagestim
143.2500    0    4.000   1.0000          NULL 
147.2500    1    9.000   1.0000     imagestim
156.2500    0    6.750   1.0000          NULL 
163.0000    2   14.000   1.0000     videostim
177.0000    0    4.250   1.0000          NULL 
181.2500    1    9.000   1.0000     imagestim
190.2500    0    1.000   1.0000          NULL 
191.2500    1    9.000   1.0000     imagestim
200.2500    0    4.500   1.0000          NULL 
204.7500    2   14.000   1.0000     videostim
218.7500    0    8.000   1.0000          NULL 
226.7500    2   14.000   1.0000     videostim
240.7500    0    1.250   1.0000          NULL 
242.0000    2   14.000   1.0000     videostim
256.0000    0    2.750   1.0000          NULL 
258.7500    2   14.000   1.0000     videostim
272.7500    0    1.000   1.0000          NULL 
273.7500    2   14.000   1.0000     videostim
287.7500    0    3.250   1.0000          NULL 
291.0000    1    9.000   1.0000     imagestim
300.0000    0    1.500   1.0000          NULL 
301.5000    2   14.000   1.0000     videostim
315.5000    0    1.000   1.0000          NULL 
316.5000    1    9.000   1.0000     imagestim
325.5000    0    2.000   1.0000          NULL 
327.5000    1    9.000   1.0000     imagestim
336.5000    0    1.250   1.0000          NULL 
337.7500    2   14.000   1.0000     videostim
351.7500    0    1.250   1.0000          NULL 
353.0000    1    9.000   1.0000     imagestim
362.0000    0    1.250   1.0000          NULL 
363.2500    2   14.000   1.0000     videostim
377.2500    0    7.250   1.0000          NULL 
384.5000    2   14.000   1.0000     videostim
398.5000    0    4.000   1.0000          NULL 
