  0.0000    2   14.000   1.0000     videostim
 14.0000    0    2.000   1.0000          NULL 
 16.0000    2   14.000   1.0000     videostim
 30.0000    0    2.000   1.0000          NULL 
 32.0000    1    9.000   1.0000     imagestim
 41.0000    0    1.250   1.0000          NULL 
 42.2500    1    9.000   1.0000     imagestim
 51.2500    0    4.250   1.0000          NULL 
 55.5000    1    9.000   1.0000     imagestim
 64.5000    0    1.250   1.0000          NULL 
 65.7500    1    9.000   1.0000     imagestim
 74.7500    0    9.250   1.0000          NULL 
 84.0000    1    9.000   1.0000     imagestim
 93.0000    0    2.750   1.0000          NULL 
 95.7500    2   14.000   1.0000     videostim
109.7500    0    3.000   1.0000          NULL 
112.7500    1    9.000   1.0000     imagestim
121.7500    0    1.000   1.0000          NULL 
122.7500    1    9.000   1.0000     imagestim
131.7500    0    2.750   1.0000          NULL 
134.5000    1    9.000   1.0000     imagestim
143.5000    0    5.500   1.0000          NULL 
149.0000    2   14.000   1.0000     videostim
163.0000    0    1.000   1.0000          NULL 
164.0000    1    9.000   1.0000     imagestim
173.0000    0    1.000   1.0000          NULL 
174.0000    2   14.000   1.0000     videostim
188.0000    0    5.000   1.0000          NULL 
193.0000    2   14.000   1.0000     videostim
207.0000    0    2.250   1.0000          NULL 
209.2500    1    9.000   1.0000     imagestim
218.2500    0    1.000   1.0000          NULL 
219.2500    2   14.000   1.0000     videostim
233.2500    0    6.000   1.0000          NULL 
239.2500    2   14.000   1.0000     videostim
253.2500    0    1.250   1.0000          NULL 
254.5000    2   14.000   1.0000     videostim
268.5000    0    2.500   1.0000          NULL 
271.0000    2   14.000   1.0000     videostim
285.0000    0    2.500   1.0000          NULL 
287.5000    1    9.000   1.0000     imagestim
296.5000    0    3.000   1.0000          NULL 
299.5000    2   14.000   1.0000     videostim
313.5000    0    4.500   1.0000          NULL 
318.0000    2   14.000   1.0000     videostim
332.0000    0    2.000   1.0000          NULL 
334.0000    1    9.000   1.0000     imagestim
343.0000    0    1.000   1.0000          NULL 
344.0000    2   14.000   1.0000     videostim
358.0000    0    1.000   1.0000          NULL 
359.0000    1    9.000   1.0000     imagestim
368.0000    0    3.500   1.0000          NULL 
371.5000    1    9.000   1.0000     imagestim
380.5000    0    7.000   1.0000          NULL 
387.5000    2   14.000   1.0000     videostim
401.5000    0    1.000   1.0000          NULL 
