  0.0000    2   14.000   1.0000     videostim
 14.0000    0    5.750   1.0000          NULL 
 19.7500    1    9.000   1.0000     imagestim
 28.7500    0    1.250   1.0000          NULL 
 30.0000    1    9.000   1.0000     imagestim
 39.0000    0    2.500   1.0000          NULL 
 41.5000    1    9.000   1.0000     imagestim
 50.5000    0    1.500   1.0000          NULL 
 52.0000    2   14.000   1.0000     videostim
 66.0000    0    1.250   1.0000          NULL 
 67.2500    2   14.000   1.0000     videostim
 81.2500    0    1.250   1.0000          NULL 
 82.5000    2   14.000   1.0000     videostim
 96.5000    0    1.250   1.0000          NULL 
 97.7500    1    9.000   1.0000     imagestim
106.7500    0    5.500   1.0000          NULL 
112.2500    1    9.000   1.0000     imagestim
121.2500    0    5.250   1.0000          NULL 
126.5000    2   14.000   1.0000     videostim
140.5000    0    3.750   1.0000          NULL 
144.2500    1    9.000   1.0000     imagestim
153.2500    0    2.250   1.0000          NULL 
155.5000    2   14.000   1.0000     videostim
169.5000    0    3.250   1.0000          NULL 
172.7500    2   14.000   1.0000     videostim
186.7500    0    1.500   1.0000          NULL 
188.2500    1    9.000   1.0000     imagestim
197.2500    0    5.250   1.0000          NULL 
202.5000    2   14.000   1.0000     videostim
216.5000    0    3.250   1.0000          NULL 
219.7500    2   14.000   1.0000     videostim
233.7500    0    1.000   1.0000          NULL 
234.7500    2   14.000   1.0000     videostim
248.7500    0    1.000   1.0000          NULL 
249.7500    1    9.000   1.0000     imagestim
258.7500    0    5.250   1.0000          NULL 
264.0000    2   14.000   1.0000     videostim
278.0000    0    2.250   1.0000          NULL 
280.2500    2   14.000   1.0000     videostim
294.2500    0    5.750   1.0000          NULL 
300.0000    1    9.000   1.0000     imagestim
309.0000    0    2.750   1.0000          NULL 
311.7500    2   14.000   1.0000     videostim
325.7500    0    1.500   1.0000          NULL 
327.2500    1    9.000   1.0000     imagestim
336.2500    0    1.750   1.0000          NULL 
338.0000    1    9.000   1.0000     imagestim
347.0000    0    3.500   1.0000          NULL 
350.5000    2   14.000   1.0000     videostim
364.5000    0    6.500   1.0000          NULL 
371.0000    1    9.000   1.0000     imagestim
380.0000    0    1.250   1.0000          NULL 
381.2500    1    9.000   1.0000     imagestim
390.2500    0    1.250   1.0000          NULL 
391.5000    1    9.000   1.0000     imagestim
400.5000    0    2.000   1.0000          NULL 
