  0.0000    2   14.000   1.0000     videostim
 14.0000    0    2.250   1.0000          NULL 
 16.2500    2   14.000   1.0000     videostim
 30.2500    0    1.500   1.0000          NULL 
 31.7500    1    9.000   1.0000     imagestim
 40.7500    0    2.750   1.0000          NULL 
 43.5000    1    9.000   1.0000     imagestim
 52.5000    0    4.750   1.0000          NULL 
 57.2500    1    9.000   1.0000     imagestim
 66.2500    0    1.000   1.0000          NULL 
 67.2500    1    9.000   1.0000     imagestim
 76.2500    0    1.750   1.0000          NULL 
 78.0000    2   14.000   1.0000     videostim
 92.0000    0    6.000   1.0000          NULL 
 98.0000    1    9.000   1.0000     imagestim
107.0000    0    4.000   1.0000          NULL 
111.0000    1    9.000   1.0000     imagestim
120.0000    0    3.750   1.0000          NULL 
123.7500    1    9.000   1.0000     imagestim
132.7500    0    2.500   1.0000          NULL 
135.2500    2   14.000   1.0000     videostim
149.2500    0    9.500   1.0000          NULL 
158.7500    2   14.000   1.0000     videostim
172.7500    0    1.000   1.0000          NULL 
173.7500    1    9.000   1.0000     imagestim
182.7500    0    2.000   1.0000          NULL 
184.7500    1    9.000   1.0000     imagestim
193.7500    0    2.750   1.0000          NULL 
196.5000    2   14.000   1.0000     videostim
210.5000    0    1.500   1.0000          NULL 
212.0000    2   14.000   1.0000     videostim
226.0000    0    5.000   1.0000          NULL 
231.0000    1    9.000   1.0000     imagestim
240.0000    0    1.000   1.0000          NULL 
241.0000    2   14.000   1.0000     videostim
255.0000    0    2.250   1.0000          NULL 
257.2500    2   14.000   1.0000     videostim
271.2500    0    1.000   1.0000          NULL 
272.2500    2   14.000   1.0000     videostim
286.2500    0    1.000   1.0000          NULL 
287.2500    1    9.000   1.0000     imagestim
296.2500    0    2.750   1.0000          NULL 
299.0000    2   14.000   1.0000     videostim
313.0000    0    3.000   1.0000          NULL 
316.0000    1    9.000   1.0000     imagestim
325.0000    0    9.000   1.0000          NULL 
334.0000    2   14.000   1.0000     videostim
348.0000    0    1.000   1.0000          NULL 
349.0000    2   14.000   1.0000     videostim
363.0000    0    1.000   1.0000          NULL 
364.0000    1    9.000   1.0000     imagestim
373.0000    0    1.250   1.0000          NULL 
374.2500    1    9.000   1.0000     imagestim
383.2500    0    4.000   1.0000          NULL 
387.2500    2   14.000   1.0000     videostim
401.2500    0    1.250   1.0000          NULL 
