  0.0000    1    9.000   1.0000     imagestim
  9.0000    0    7.250   1.0000          NULL 
 16.2500    2   14.000   1.0000     videostim
 30.2500    0    3.750   1.0000          NULL 
 34.0000    2   14.000   1.0000     videostim
 48.0000    0    1.250   1.0000          NULL 
 49.2500    1    9.000   1.0000     imagestim
 58.2500    0    1.500   1.0000          NULL 
 59.7500    2   14.000   1.0000     videostim
 73.7500    0    4.250   1.0000          NULL 
 78.0000    1    9.000   1.0000     imagestim
 87.0000    0    1.250   1.0000          NULL 
 88.2500    1    9.000   1.0000     imagestim
 97.2500    0    5.500   1.0000          NULL 
102.7500    2   14.000   1.0000     videostim
116.7500    0    1.750   1.0000          NULL 
118.5000    1    9.000   1.0000     imagestim
127.5000    0    1.500   1.0000          NULL 
129.0000    1    9.000   1.0000     imagestim
138.0000    0    6.500   1.0000          NULL 
144.5000    2   14.000   1.0000     videostim
158.5000    0    6.500   1.0000          NULL 
165.0000    1    9.000   1.0000     imagestim
174.0000    0    3.000   1.0000          NULL 
177.0000    2   14.000   1.0000     videostim
191.0000    0    1.250   1.0000          NULL 
192.2500    1    9.000   1.0000     imagestim
201.2500    0    2.500   1.0000          NULL 
203.7500    2   14.000   1.0000     videostim
217.7500    0    1.250   1.0000          NULL 
219.0000    2   14.000   1.0000     videostim
233.0000    0    1.000   1.0000          NULL 
234.0000    1    9.000   1.0000     imagestim
243.0000    0    1.000   1.0000          NULL 
244.0000    2   14.000   1.0000     videostim
258.0000    0    7.000   1.0000          NULL 
265.0000    1    9.000   1.0000     imagestim
274.0000    0    1.500   1.0000          NULL 
275.5000    2   14.000   1.0000     videostim
289.5000    0    1.500   1.0000          NULL 
291.0000    1    9.000   1.0000     imagestim
300.0000    0    1.000   1.0000          NULL 
301.0000    2   14.000   1.0000     videostim
315.0000    0    2.500   1.0000          NULL 
317.5000    1    9.000   1.0000     imagestim
326.5000    0    5.250   1.0000          NULL 
331.7500    2   14.000   1.0000     videostim
345.7500    0    2.500   1.0000          NULL 
348.2500    2   14.000   1.0000     videostim
362.2500    0    3.250   1.0000          NULL 
365.5000    2   14.000   1.0000     videostim
379.5000    0    1.500   1.0000          NULL 
381.0000    1    9.000   1.0000     imagestim
390.0000    0    2.250   1.0000          NULL 
392.2500    1    9.000   1.0000     imagestim
401.2500    0    1.250   1.0000          NULL 
