  0.0000    2   14.000   1.0000     videostim
 14.0000    0    5.750   1.0000          NULL 
 19.7500    1    9.000   1.0000     imagestim
 28.7500    0    5.000   1.0000          NULL 
 33.7500    2   14.000   1.0000     videostim
 47.7500    0    4.500   1.0000          NULL 
 52.2500    1    9.000   1.0000     imagestim
 61.2500    0    1.250   1.0000          NULL 
 62.5000    1    9.000   1.0000     imagestim
 71.5000    0    1.000   1.0000          NULL 
 72.5000    2   14.000   1.0000     videostim
 86.5000    0    2.750   1.0000          NULL 
 89.2500    1    9.000   1.0000     imagestim
 98.2500    0    4.750   1.0000          NULL 
103.0000    2   14.000   1.0000     videostim
117.0000    0    2.250   1.0000          NULL 
119.2500    2   14.000   1.0000     videostim
133.2500    0    2.500   1.0000          NULL 
135.7500    2   14.000   1.0000     videostim
149.7500    0    1.750   1.0000          NULL 
151.5000    1    9.000   1.0000     imagestim
160.5000    0    1.500   1.0000          NULL 
162.0000    2   14.000   1.0000     videostim
176.0000    0    2.500   1.0000          NULL 
178.5000    2   14.000   1.0000     videostim
192.5000    0    1.250   1.0000          NULL 
193.7500    1    9.000   1.0000     imagestim
202.7500    0    5.000   1.0000          NULL 
207.7500    2   14.000   1.0000     videostim
221.7500    0    2.250   1.0000          NULL 
224.0000    1    9.000   1.0000     imagestim
233.0000    0    2.250   1.0000          NULL 
235.2500    2   14.000   1.0000     videostim
249.2500    0    3.500   1.0000          NULL 
252.7500    1    9.000   1.0000     imagestim
261.7500    0    3.500   1.0000          NULL 
265.2500    1    9.000   1.0000     imagestim
274.2500    0    3.750   1.0000          NULL 
278.0000    2   14.000   1.0000     videostim
292.0000    0    2.750   1.0000          NULL 
294.7500    2   14.000   1.0000     videostim
308.7500    0    1.250   1.0000          NULL 
310.0000    2   14.000   1.0000     videostim
324.0000    0    5.500   1.0000          NULL 
329.5000    1    9.000   1.0000     imagestim
338.5000    0    4.250   1.0000          NULL 
342.7500    1    9.000   1.0000     imagestim
351.7500    0    2.250   1.0000          NULL 
354.0000    2   14.000   1.0000     videostim
368.0000    0    3.250   1.0000          NULL 
371.2500    1    9.000   1.0000     imagestim
380.2500    0    1.500   1.0000          NULL 
381.7500    1    9.000   1.0000     imagestim
390.7500    0    1.250   1.0000          NULL 
392.0000    1    9.000   1.0000     imagestim
401.0000    0    1.500   1.0000          NULL 
