  0.0000    1    9.000   1.0000     imagestim
  9.0000    0    1.250   1.0000          NULL 
 10.2500    2   14.000   1.0000     videostim
 24.2500    0    3.000   1.0000          NULL 
 27.2500    1    9.000   1.0000     imagestim
 36.2500    0    2.750   1.0000          NULL 
 39.0000    2   14.000   1.0000     videostim
 53.0000    0    3.500   1.0000          NULL 
 56.5000    1    9.000   1.0000     imagestim
 65.5000    0    6.750   1.0000          NULL 
 72.2500    1    9.000   1.0000     imagestim
 81.2500    0    2.750   1.0000          NULL 
 84.0000    1    9.000   1.0000     imagestim
 93.0000    0    3.000   1.0000          NULL 
 96.0000    1    9.000   1.0000     imagestim
105.0000    0    2.000   1.0000          NULL 
107.0000    1    9.000   1.0000     imagestim
116.0000    0    6.000   1.0000          NULL 
122.0000    1    9.000   1.0000     imagestim
131.0000    0    2.000   1.0000          NULL 
133.0000    2   14.000   1.0000     videostim
147.0000    0    2.750   1.0000          NULL 
149.7500    2   14.000   1.0000     videostim
163.7500    0    2.500   1.0000          NULL 
166.2500    1    9.000   1.0000     imagestim
175.2500    0    2.250   1.0000          NULL 
177.5000    2   14.000   1.0000     videostim
191.5000    0    1.000   1.0000          NULL 
192.5000    2   14.000   1.0000     videostim
206.5000    0    2.500   1.0000          NULL 
209.0000    2   14.000   1.0000     videostim
223.0000    0    2.500   1.0000          NULL 
225.5000    2   14.000   1.0000     videostim
239.5000    0    1.250   1.0000          NULL 
240.7500    1    9.000   1.0000     imagestim
249.7500    0    2.000   1.0000          NULL 
251.7500    2   14.000   1.0000     videostim
265.7500    0    1.500   1.0000          NULL 
267.2500    2   14.000   1.0000     videostim
281.2500    0    3.750   1.0000          NULL 
285.0000    1    9.000   1.0000     imagestim
294.0000    0    2.750   1.0000          NULL 
296.7500    2   14.000   1.0000     videostim
310.7500    0    2.750   1.0000          NULL 
313.5000    2   14.000   1.0000     videostim
327.5000    0    4.500   1.0000          NULL 
332.0000    1    9.000   1.0000     imagestim
341.0000    0    4.250   1.0000          NULL 
345.2500    2   14.000   1.0000     videostim
359.2500    0    2.000   1.0000          NULL 
361.2500    1    9.000   1.0000     imagestim
370.2500    0    1.250   1.0000          NULL 
371.5000    1    9.000   1.0000     imagestim
380.5000    0    4.000   1.0000          NULL 
384.5000    2   14.000   1.0000     videostim
398.5000    0    4.000   1.0000          NULL 
