  0.0000    2   14.000   1.0000     videostim
 14.0000    0    1.250   1.0000          NULL 
 15.2500    2   14.000   1.0000     videostim
 29.2500    0    1.000   1.0000          NULL 
 30.2500    2   14.000   1.0000     videostim
 44.2500    0    4.250   1.0000          NULL 
 48.5000    1    9.000   1.0000     imagestim
 57.5000    0    2.500   1.0000          NULL 
 60.0000    1    9.000   1.0000     imagestim
 69.0000    0    1.250   1.0000          NULL 
 70.2500    1    9.000   1.0000     imagestim
 79.2500    0    1.750   1.0000          NULL 
 81.0000    1    9.000   1.0000     imagestim
 90.0000    0    2.500   1.0000          NULL 
 92.5000    1    9.000   1.0000     imagestim
101.5000    0    2.750   1.0000          NULL 
104.2500    2   14.000   1.0000     videostim
118.2500    0    3.500   1.0000          NULL 
121.7500    2   14.000   1.0000     videostim
135.7500    0    3.000   1.0000          NULL 
138.7500    2   14.000   1.0000     videostim
152.7500    0    2.000   1.0000          NULL 
154.7500    1    9.000   1.0000     imagestim
163.7500    0    1.750   1.0000          NULL 
165.5000    2   14.000   1.0000     videostim
179.5000    0    3.500   1.0000          NULL 
183.0000    1    9.000   1.0000     imagestim
192.0000    0    2.500   1.0000          NULL 
194.5000    2   14.000   1.0000     videostim
208.5000    0    3.000   1.0000          NULL 
211.5000    2   14.000   1.0000     videostim
225.5000    0    2.750   1.0000          NULL 
228.2500    2   14.000   1.0000     videostim
242.2500    0    6.000   1.0000          NULL 
248.2500    1    9.000   1.0000     imagestim
257.2500    0    2.000   1.0000          NULL 
259.2500    1    9.000   1.0000     imagestim
268.2500    0    6.500   1.0000          NULL 
274.7500    2   14.000   1.0000     videostim
288.7500    0    3.500   1.0000          NULL 
292.2500    1    9.000   1.0000     imagestim
301.2500    0    1.750   1.0000          NULL 
303.0000    1    9.000   1.0000     imagestim
312.0000    0    1.000   1.0000          NULL 
313.0000    2   14.000   1.0000     videostim
327.0000    0    4.750   1.0000          NULL 
331.7500    1    9.000   1.0000     imagestim
340.7500    0    2.750   1.0000          NULL 
343.5000    1    9.000   1.0000     imagestim
352.5000    0    4.750   1.0000          NULL 
357.2500    1    9.000   1.0000     imagestim
366.2500    0    2.250   1.0000          NULL 
368.5000    2   14.000   1.0000     videostim
382.5000    0    2.750   1.0000          NULL 
385.2500    2   14.000   1.0000     videostim
399.2500    0    3.250   1.0000          NULL 
