  0.0000    1    9.000   1.0000     imagestim
  9.0000    0    2.750   1.0000          NULL 
 11.7500    1    9.000   1.0000     imagestim
 20.7500    0    2.000   1.0000          NULL 
 22.7500    1    9.000   1.0000     imagestim
 31.7500    0    4.250   1.0000          NULL 
 36.0000    1    9.000   1.0000     imagestim
 45.0000    0    1.250   1.0000          NULL 
 46.2500    2   14.000   1.0000     videostim
 60.2500    0    1.500   1.0000          NULL 
 61.7500    1    9.000   1.0000     imagestim
 70.7500    0    1.250   1.0000          NULL 
 72.0000    2   14.000   1.0000     videostim
 86.0000    0    1.250   1.0000          NULL 
 87.2500    1    9.000   1.0000     imagestim
 96.2500    0    1.500   1.0000          NULL 
 97.7500    1    9.000   1.0000     imagestim
106.7500    0    5.750   1.0000          NULL 
112.5000    2   14.000   1.0000     videostim
126.5000    0    5.000   1.0000          NULL 
131.5000    2   14.000   1.0000     videostim
145.5000    0    1.500   1.0000          NULL 
147.0000    2   14.000   1.0000     videostim
161.0000    0    6.000   1.0000          NULL 
167.0000    2   14.000   1.0000     videostim
181.0000    0    4.000   1.0000          NULL 
185.0000    2   14.000   1.0000     videostim
199.0000    0    2.250   1.0000          NULL 
201.2500    1    9.000   1.0000     imagestim
210.2500    0    4.750   1.0000          NULL 
215.0000    2   14.000   1.0000     videostim
229.0000    0    1.250   1.0000          NULL 
230.2500    2   14.000   1.0000     videostim
244.2500    0    9.750   1.0000          NULL 
254.0000    1    9.000   1.0000     imagestim
263.0000    0    1.500   1.0000          NULL 
264.5000    1    9.000   1.0000     imagestim
273.5000    0    4.250   1.0000          NULL 
277.7500    1    9.000   1.0000     imagestim
286.7500    0    2.000   1.0000          NULL 
288.7500    2   14.000   1.0000     videostim
302.7500    0    1.250   1.0000          NULL 
304.0000    2   14.000   1.0000     videostim
318.0000    0    3.750   1.0000          NULL 
321.7500    2   14.000   1.0000     videostim
335.7500    0    2.750   1.0000          NULL 
338.5000    1    9.000   1.0000     imagestim
347.5000    0    1.750   1.0000          NULL 
349.2500    1    9.000   1.0000     imagestim
358.2500    0    1.250   1.0000          NULL 
359.5000    1    9.000   1.0000     imagestim
368.5000    0    3.000   1.0000          NULL 
371.5000    2   14.000   1.0000     videostim
385.5000    0    1.750   1.0000          NULL 
387.2500    2   14.000   1.0000     videostim
401.2500    0    1.250   1.0000          NULL 
