  0.0000    1    9.000   1.0000     imagestim
  9.0000    0    2.250   1.0000          NULL 
 11.2500    1    9.000   1.0000     imagestim
 20.2500    0    5.250   1.0000          NULL 
 25.5000    1    9.000   1.0000     imagestim
 34.5000    0    1.500   1.0000          NULL 
 36.0000    2   14.000   1.0000     videostim
 50.0000    0    2.250   1.0000          NULL 
 52.2500    2   14.000   1.0000     videostim
 66.2500    0    4.750   1.0000          NULL 
 71.0000    1    9.000   1.0000     imagestim
 80.0000    0    2.750   1.0000          NULL 
 82.7500    1    9.000   1.0000     imagestim
 91.7500    0    1.500   1.0000          NULL 
 93.2500    1    9.000   1.0000     imagestim
102.2500    0    4.750   1.0000          NULL 
107.0000    2   14.000   1.0000     videostim
121.0000    0    1.000   1.0000          NULL 
122.0000    2   14.000   1.0000     videostim
136.0000    0    4.500   1.0000          NULL 
140.5000    2   14.000   1.0000     videostim
154.5000    0    1.250   1.0000          NULL 
155.7500    1    9.000   1.0000     imagestim
164.7500    0    1.000   1.0000          NULL 
165.7500    1    9.000   1.0000     imagestim
174.7500    0    4.500   1.0000          NULL 
179.2500    2   14.000   1.0000     videostim
193.2500    0    1.250   1.0000          NULL 
194.5000    2   14.000   1.0000     videostim
208.5000    0    7.500   1.0000          NULL 
216.0000    2   14.000   1.0000     videostim
230.0000    0    1.000   1.0000          NULL 
231.0000    2   14.000   1.0000     videostim
245.0000    0    2.000   1.0000          NULL 
247.0000    1    9.000   1.0000     imagestim
256.0000    0    2.500   1.0000          NULL 
258.5000    1    9.000   1.0000     imagestim
267.5000    0    1.250   1.0000          NULL 
268.7500    2   14.000   1.0000     videostim
282.7500    0    4.750   1.0000          NULL 
287.5000    2   14.000   1.0000     videostim
301.5000    0    2.750   1.0000          NULL 
304.2500    1    9.000   1.0000     imagestim
313.2500    0    2.250   1.0000          NULL 
315.5000    2   14.000   1.0000     videostim
329.5000    0    7.000   1.0000          NULL 
336.5000    1    9.000   1.0000     imagestim
345.5000    0    3.000   1.0000          NULL 
348.5000    2   14.000   1.0000     videostim
362.5000    0    2.250   1.0000          NULL 
364.7500    1    9.000   1.0000     imagestim
373.7500    0    2.500   1.0000          NULL 
376.2500    2   14.000   1.0000     videostim
390.2500    0    1.250   1.0000          NULL 
391.5000    1    9.000   1.0000     imagestim
400.5000    0    2.000   1.0000          NULL 
