  0.0000    2   14.000   1.0000     videostim
 14.0000    0    1.500   1.0000          NULL 
 15.5000    2   14.000   1.0000     videostim
 29.5000    0    3.500   1.0000          NULL 
 33.0000    1    9.000   1.0000     imagestim
 42.0000    0    1.750   1.0000          NULL 
 43.7500    1    9.000   1.0000     imagestim
 52.7500    0    5.500   1.0000          NULL 
 58.2500    1    9.000   1.0000     imagestim
 67.2500    0    2.500   1.0000          NULL 
 69.7500    2   14.000   1.0000     videostim
 83.7500    0    4.000   1.0000          NULL 
 87.7500    2   14.000   1.0000     videostim
101.7500    0    2.750   1.0000          NULL 
104.5000    2   14.000   1.0000     videostim
118.5000    0    3.000   1.0000          NULL 
121.5000    2   14.000   1.0000     videostim
135.5000    0    2.000   1.0000          NULL 
137.5000    2   14.000   1.0000     videostim
151.5000    0    5.500   1.0000          NULL 
157.0000    1    9.000   1.0000     imagestim
166.0000    0    2.000   1.0000          NULL 
168.0000    2   14.000   1.0000     videostim
182.0000    0    2.500   1.0000          NULL 
184.5000    1    9.000   1.0000     imagestim
193.5000    0    8.750   1.0000          NULL 
202.2500    1    9.000   1.0000     imagestim
211.2500    0    1.000   1.0000          NULL 
212.2500    1    9.000   1.0000     imagestim
221.2500    0    2.250   1.0000          NULL 
223.5000    1    9.000   1.0000     imagestim
232.5000    0    1.000   1.0000          NULL 
233.5000    2   14.000   1.0000     videostim
247.5000    0    1.750   1.0000          NULL 
249.2500    2   14.000   1.0000     videostim
263.2500    0    2.000   1.0000          NULL 
265.2500    2   14.000   1.0000     videostim
279.2500    0    1.250   1.0000          NULL 
280.5000    1    9.000   1.0000     imagestim
289.5000    0    3.250   1.0000          NULL 
292.7500    1    9.000   1.0000     imagestim
301.7500    0    2.750   1.0000          NULL 
304.5000    2   14.000   1.0000     videostim
318.5000    0    2.000   1.0000          NULL 
320.5000    1    9.000   1.0000     imagestim
329.5000    0    1.000   1.0000          NULL 
330.5000    1    9.000   1.0000     imagestim
339.5000    0    1.500   1.0000          NULL 
341.0000    1    9.000   1.0000     imagestim
350.0000    0    5.500   1.0000          NULL 
355.5000    2   14.000   1.0000     videostim
369.5000    0    5.500   1.0000          NULL 
375.0000    2   14.000   1.0000     videostim
389.0000    0    1.250   1.0000          NULL 
390.2500    1    9.000   1.0000     imagestim
399.2500    0    3.250   1.0000          NULL 
