  0.0000    2   14.000   1.0000     videostim
 14.0000    0    2.250   1.0000          NULL 
 16.2500    1    9.000   1.0000     imagestim
 25.2500    0    1.000   1.0000          NULL 
 26.2500    2   14.000   1.0000     videostim
 40.2500    0    1.000   1.0000          NULL 
 41.2500    2   14.000   1.0000     videostim
 55.2500    0    3.000   1.0000          NULL 
 58.2500    2   14.000   1.0000     videostim
 72.2500    0    8.250   1.0000          NULL 
 80.5000    1    9.000   1.0000     imagestim
 89.5000    0    5.750   1.0000          NULL 
 95.2500    2   14.000   1.0000     videostim
109.2500    0    2.750   1.0000          NULL 
112.0000    2   14.000   1.0000     videostim
126.0000    0    1.250   1.0000          NULL 
127.2500    1    9.000   1.0000     imagestim
136.2500    0    1.000   1.0000          NULL 
137.2500    1    9.000   1.0000     imagestim
146.2500    0    1.000   1.0000          NULL 
147.2500    2   14.000   1.0000     videostim
161.2500    0    1.000   1.0000          NULL 
162.2500    2   14.000   1.0000     videostim
176.2500    0    4.750   1.0000          NULL 
181.0000    1    9.000   1.0000     imagestim
190.0000    0    5.000   1.0000          NULL 
195.0000    1    9.000   1.0000     imagestim
204.0000    0    1.500   1.0000          NULL 
205.5000    2   14.000   1.0000     videostim
219.5000    0    4.750   1.0000          NULL 
224.2500    1    9.000   1.0000     imagestim
233.2500    0    3.000   1.0000          NULL 
236.2500    2   14.000   1.0000     videostim
250.2500    0    2.250   1.0000          NULL 
252.5000    1    9.000   1.0000     imagestim
261.5000    0    1.250   1.0000          NULL 
262.7500    2   14.000   1.0000     videostim
276.7500    0    4.250   1.0000          NULL 
281.0000    1    9.000   1.0000     imagestim
290.0000    0    1.000   1.0000          NULL 
291.0000    2   14.000   1.0000     videostim
305.0000    0    1.000   1.0000          NULL 
306.0000    2   14.000   1.0000     videostim
320.0000    0    7.500   1.0000          NULL 
327.5000    1    9.000   1.0000     imagestim
336.5000    0    2.250   1.0000          NULL 
338.7500    1    9.000   1.0000     imagestim
347.7500    0    3.750   1.0000          NULL 
351.5000    1    9.000   1.0000     imagestim
360.5000    0    1.500   1.0000          NULL 
362.0000    1    9.000   1.0000     imagestim
371.0000    0    5.000   1.0000          NULL 
376.0000    2   14.000   1.0000     videostim
390.0000    0    1.500   1.0000          NULL 
391.5000    1    9.000   1.0000     imagestim
400.5000    0    2.000   1.0000          NULL 
