  0.0000    2   14.000   1.0000     videostim
 14.0000    0    2.000   1.0000          NULL 
 16.0000    1    9.000   1.0000     imagestim
 25.0000    0    2.750   1.0000          NULL 
 27.7500    2   14.000   1.0000     videostim
 41.7500    0    1.000   1.0000          NULL 
 42.7500    1    9.000   1.0000     imagestim
 51.7500    0   11.000   1.0000          NULL 
 62.7500    1    9.000   1.0000     imagestim
 71.7500    0    2.250   1.0000          NULL 
 74.0000    1    9.000   1.0000     imagestim
 83.0000    0    4.250   1.0000          NULL 
 87.2500    1    9.000   1.0000     imagestim
 96.2500    0    1.000   1.0000          NULL 
 97.2500    2   14.000   1.0000     videostim
111.2500    0    1.250   1.0000          NULL 
112.5000    2   14.000   1.0000     videostim
126.5000    0    4.000   1.0000          NULL 
130.5000    1    9.000   1.0000     imagestim
139.5000    0    5.500   1.0000          NULL 
145.0000    1    9.000   1.0000     imagestim
154.0000    0    1.000   1.0000          NULL 
155.0000    1    9.000   1.0000     imagestim
164.0000    0    4.750   1.0000          NULL 
168.7500    1    9.000   1.0000     imagestim
177.7500    0    1.000   1.0000          NULL 
178.7500    2   14.000   1.0000     videostim
192.7500    0    6.750   1.0000          NULL 
199.5000    2   14.000   1.0000     videostim
213.5000    0    1.750   1.0000          NULL 
215.2500    1    9.000   1.0000     imagestim
224.2500    0    1.000   1.0000          NULL 
225.2500    2   14.000   1.0000     videostim
239.2500    0    5.250   1.0000          NULL 
244.5000    1    9.000   1.0000     imagestim
253.5000    0    1.750   1.0000          NULL 
255.2500    1    9.000   1.0000     imagestim
264.2500    0    2.000   1.0000          NULL 
266.2500    2   14.000   1.0000     videostim
280.2500    0    3.750   1.0000          NULL 
284.0000    1    9.000   1.0000     imagestim
293.0000    0    1.500   1.0000          NULL 
294.5000    2   14.000   1.0000     videostim
308.5000    0    1.000   1.0000          NULL 
309.5000    2   14.000   1.0000     videostim
323.5000    0    5.000   1.0000          NULL 
328.5000    2   14.000   1.0000     videostim
342.5000    0    1.750   1.0000          NULL 
344.2500    2   14.000   1.0000     videostim
358.2500    0    1.250   1.0000          NULL 
359.5000    2   14.000   1.0000     videostim
373.5000    0    1.250   1.0000          NULL 
374.7500    1    9.000   1.0000     imagestim
383.7500    0    1.000   1.0000          NULL 
384.7500    2   14.000   1.0000     videostim
398.7500    0    3.750   1.0000          NULL 
