  0.0000    2   14.000   1.0000     videostim
 14.0000    0    1.000   1.0000          NULL 
 15.0000    2   14.000   1.0000     videostim
 29.0000    0    6.250   1.0000          NULL 
 35.2500    1    9.000   1.0000     imagestim
 44.2500    0    1.500   1.0000          NULL 
 45.7500    1    9.000   1.0000     imagestim
 54.7500    0    1.000   1.0000          NULL 
 55.7500    2   14.000   1.0000     videostim
 69.7500    0    3.250   1.0000          NULL 
 73.0000    2   14.000   1.0000     videostim
 87.0000    0    1.750   1.0000          NULL 
 88.7500    2   14.000   1.0000     videostim
102.7500    0    8.000   1.0000          NULL 
110.7500    2   14.000   1.0000     videostim
124.7500    0    1.250   1.0000          NULL 
126.0000    1    9.000   1.0000     imagestim
135.0000    0    1.000   1.0000          NULL 
136.0000    1    9.000   1.0000     imagestim
145.0000    0    3.000   1.0000          NULL 
148.0000    2   14.000   1.0000     videostim
162.0000    0    3.000   1.0000          NULL 
165.0000    1    9.000   1.0000     imagestim
174.0000    0    1.000   1.0000          NULL 
175.0000    2   14.000   1.0000     videostim
189.0000    0    5.250   1.0000          NULL 
194.2500    1    9.000   1.0000     imagestim
203.2500    0    3.000   1.0000          NULL 
206.2500    2   14.000   1.0000     videostim
220.2500    0    1.500   1.0000          NULL 
221.7500    1    9.000   1.0000     imagestim
230.7500    0    1.250   1.0000          NULL 
232.0000    2   14.000   1.0000     videostim
246.0000    0    1.750   1.0000          NULL 
247.7500    1    9.000   1.0000     imagestim
256.7500    0    1.500   1.0000          NULL 
258.2500    1    9.000   1.0000     imagestim
267.2500    0    2.000   1.0000          NULL 
269.2500    2   14.000   1.0000     videostim
283.2500    0    1.000   1.0000          NULL 
284.2500    2   14.000   1.0000     videostim
298.2500    0    4.250   1.0000          NULL 
302.5000    1    9.000   1.0000     imagestim
311.5000    0    1.750   1.0000          NULL 
313.2500    1    9.000   1.0000     imagestim
322.2500    0    4.000   1.0000          NULL 
326.2500    1    9.000   1.0000     imagestim
335.2500    0    6.250   1.0000          NULL 
341.5000    2   14.000   1.0000     videostim
355.5000    0    1.500   1.0000          NULL 
357.0000    1    9.000   1.0000     imagestim
366.0000    0    5.500   1.0000          NULL 
371.5000    1    9.000   1.0000     imagestim
380.5000    0    3.000   1.0000          NULL 
383.5000    2   14.000   1.0000     videostim
397.5000    0    5.000   1.0000          NULL 
