  0.0000    2   14.000   1.0000     videostim
 14.0000    0    2.500   1.0000          NULL 
 16.5000    2   14.000   1.0000     videostim
 30.5000    0    3.000   1.0000          NULL 
 33.5000    2   14.000   1.0000     videostim
 47.5000    0    4.500   1.0000          NULL 
 52.0000    1    9.000   1.0000     imagestim
 61.0000    0    3.750   1.0000          NULL 
 64.7500    1    9.000   1.0000     imagestim
 73.7500    0    5.750   1.0000          NULL 
 79.5000    1    9.000   1.0000     imagestim
 88.5000    0    2.000   1.0000          NULL 
 90.5000    1    9.000   1.0000     imagestim
 99.5000    0    1.250   1.0000          NULL 
100.7500    1    9.000   1.0000     imagestim
109.7500    0    1.250   1.0000          NULL 
111.0000    1    9.000   1.0000     imagestim
120.0000    0    2.000   1.0000          NULL 
122.0000    2   14.000   1.0000     videostim
136.0000    0    2.250   1.0000          NULL 
138.2500    2   14.000   1.0000     videostim
152.2500    0    3.000   1.0000          NULL 
155.2500    2   14.000   1.0000     videostim
169.2500    0    1.000   1.0000          NULL 
170.2500    2   14.000   1.0000     videostim
184.2500    0    2.750   1.0000          NULL 
187.0000    2   14.000   1.0000     videostim
201.0000    0    2.250   1.0000          NULL 
203.2500    1    9.000   1.0000     imagestim
212.2500    0    1.500   1.0000          NULL 
213.7500    1    9.000   1.0000     imagestim
222.7500    0    1.000   1.0000          NULL 
223.7500    1    9.000   1.0000     imagestim
232.7500    0    4.000   1.0000          NULL 
236.7500    1    9.000   1.0000     imagestim
245.7500    0    2.000   1.0000          NULL 
247.7500    2   14.000   1.0000     videostim
261.7500    0    2.500   1.0000          NULL 
264.2500    2   14.000   1.0000     videostim
278.2500    0    4.500   1.0000          NULL 
282.7500    2   14.000   1.0000     videostim
296.7500    0    7.750   1.0000          NULL 
304.5000    1    9.000   1.0000     imagestim
313.5000    0    3.000   1.0000          NULL 
316.5000    1    9.000   1.0000     imagestim
325.5000    0    1.250   1.0000          NULL 
326.7500    2   14.000   1.0000     videostim
340.7500    0    2.750   1.0000          NULL 
343.5000    2   14.000   1.0000     videostim
357.5000    0    3.500   1.0000          NULL 
361.0000    2   14.000   1.0000     videostim
375.0000    0    1.000   1.0000          NULL 
376.0000    1    9.000   1.0000     imagestim
385.0000    0    1.000   1.0000          NULL 
386.0000    1    9.000   1.0000     imagestim
395.0000    0    7.500   1.0000          NULL 
