  0.0000    2   14.000   1.0000     videostim
 14.0000    0    3.500   1.0000          NULL 
 17.5000    1    9.000   1.0000     imagestim
 26.5000    0    3.750   1.0000          NULL 
 30.2500    2   14.000   1.0000     videostim
 44.2500    0    1.750   1.0000          NULL 
 46.0000    2   14.000   1.0000     videostim
 60.0000    0    1.750   1.0000          NULL 
 61.7500    1    9.000   1.0000     imagestim
 70.7500    0    4.750   1.0000          NULL 
 75.5000    1    9.000   1.0000     imagestim
 84.5000    0    9.500   1.0000          NULL 
 94.0000    1    9.000   1.0000     imagestim
103.0000    0    3.250   1.0000          NULL 
106.2500    2   14.000   1.0000     videostim
120.2500    0    3.000   1.0000          NULL 
123.2500    2   14.000   1.0000     videostim
137.2500    0    2.750   1.0000          NULL 
140.0000    2   14.000   1.0000     videostim
154.0000    0    2.250   1.0000          NULL 
156.2500    1    9.000   1.0000     imagestim
165.2500    0    2.500   1.0000          NULL 
167.7500    1    9.000   1.0000     imagestim
176.7500    0    2.000   1.0000          NULL 
178.7500    1    9.000   1.0000     imagestim
187.7500    0    2.250   1.0000          NULL 
190.0000    2   14.000   1.0000     videostim
204.0000    0    2.500   1.0000          NULL 
206.5000    1    9.000   1.0000     imagestim
215.5000    0    3.000   1.0000          NULL 
218.5000    1    9.000   1.0000     imagestim
227.5000    0    1.000   1.0000          NULL 
228.5000    2   14.000   1.0000     videostim
242.5000    0    1.000   1.0000          NULL 
243.5000    2   14.000   1.0000     videostim
257.5000    0    4.250   1.0000          NULL 
261.7500    2   14.000   1.0000     videostim
275.7500    0    1.750   1.0000          NULL 
277.5000    1    9.000   1.0000     imagestim
286.5000    0    1.250   1.0000          NULL 
287.7500    2   14.000   1.0000     videostim
301.7500    0    4.250   1.0000          NULL 
306.0000    2   14.000   1.0000     videostim
320.0000    0    1.000   1.0000          NULL 
321.0000    1    9.000   1.0000     imagestim
330.0000    0    2.000   1.0000          NULL 
332.0000    1    9.000   1.0000     imagestim
341.0000    0    1.000   1.0000          NULL 
342.0000    1    9.000   1.0000     imagestim
351.0000    0    3.750   1.0000          NULL 
354.7500    2   14.000   1.0000     videostim
368.7500    0    2.000   1.0000          NULL 
370.7500    1    9.000   1.0000     imagestim
379.7500    0    3.250   1.0000          NULL 
383.0000    2   14.000   1.0000     videostim
397.0000    0    5.500   1.0000          NULL 
