  0.0000    2   14.000   1.0000     videostim
 14.0000    0    2.000   1.0000          NULL 
 16.0000    2   14.000   1.0000     videostim
 30.0000    0    4.750   1.0000          NULL 
 34.7500    2   14.000   1.0000     videostim
 48.7500    0    1.250   1.0000          NULL 
 50.0000    2   14.000   1.0000     videostim
 64.0000    0    1.500   1.0000          NULL 
 65.5000    1    9.000   1.0000     imagestim
 74.5000    0    4.500   1.0000          NULL 
 79.0000    1    9.000   1.0000     imagestim
 88.0000    0    3.500   1.0000          NULL 
 91.5000    1    9.000   1.0000     imagestim
100.5000    0    1.500   1.0000          NULL 
102.0000    1    9.000   1.0000     imagestim
111.0000    0    1.000   1.0000          NULL 
112.0000    2   14.000   1.0000     videostim
126.0000    0    1.000   1.0000          NULL 
127.0000    2   14.000   1.0000     videostim
141.0000    0    4.500   1.0000          NULL 
145.5000    1    9.000   1.0000     imagestim
154.5000    0    1.750   1.0000          NULL 
156.2500    2   14.000   1.0000     videostim
170.2500    0    1.000   1.0000          NULL 
171.2500    1    9.000   1.0000     imagestim
180.2500    0    1.250   1.0000          NULL 
181.5000    2   14.000   1.0000     videostim
195.5000    0    1.750   1.0000          NULL 
197.2500    2   14.000   1.0000     videostim
211.2500    0    3.000   1.0000          NULL 
214.2500    2   14.000   1.0000     videostim
228.2500    0    3.750   1.0000          NULL 
232.0000    1    9.000   1.0000     imagestim
241.0000    0    1.750   1.0000          NULL 
242.7500    2   14.000   1.0000     videostim
256.7500    0    1.000   1.0000          NULL 
257.7500    2   14.000   1.0000     videostim
271.7500    0    4.250   1.0000          NULL 
276.0000    1    9.000   1.0000     imagestim
285.0000    0    4.500   1.0000          NULL 
289.5000    2   14.000   1.0000     videostim
303.5000    0    1.500   1.0000          NULL 
305.0000    1    9.000   1.0000     imagestim
314.0000    0    3.500   1.0000          NULL 
317.5000    1    9.000   1.0000     imagestim
326.5000    0    1.250   1.0000          NULL 
327.7500    2   14.000   1.0000     videostim
341.7500    0   11.750   1.0000          NULL 
353.5000    1    9.000   1.0000     imagestim
362.5000    0    4.000   1.0000          NULL 
366.5000    1    9.000   1.0000     imagestim
375.5000    0    2.250   1.0000          NULL 
377.7500    1    9.000   1.0000     imagestim
386.7500    0    3.750   1.0000          NULL 
390.5000    1    9.000   1.0000     imagestim
399.5000    0    3.000   1.0000          NULL 
