  0.0000    2   14.000   1.0000     videostim
 14.0000    0    3.250   1.0000          NULL 
 17.2500    2   14.000   1.0000     videostim
 31.2500    0    1.000   1.0000          NULL 
 32.2500    1    9.000   1.0000     imagestim
 41.2500    0    1.750   1.0000          NULL 
 43.0000    1    9.000   1.0000     imagestim
 52.0000    0    4.250   1.0000          NULL 
 56.2500    1    9.000   1.0000     imagestim
 65.2500    0    2.500   1.0000          NULL 
 67.7500    1    9.000   1.0000     imagestim
 76.7500    0    1.000   1.0000          NULL 
 77.7500    1    9.000   1.0000     imagestim
 86.7500    0    3.500   1.0000          NULL 
 90.2500    1    9.000   1.0000     imagestim
 99.2500    0    1.750   1.0000          NULL 
101.0000    2   14.000   1.0000     videostim
115.0000    0    4.250   1.0000          NULL 
119.2500    2   14.000   1.0000     videostim
133.2500    0    1.250   1.0000          NULL 
134.5000    2   14.000   1.0000     videostim
148.5000    0    6.500   1.0000          NULL 
155.0000    2   14.000   1.0000     videostim
169.0000    0    3.000   1.0000          NULL 
172.0000    2   14.000   1.0000     videostim
186.0000    0    4.750   1.0000          NULL 
190.7500    1    9.000   1.0000     imagestim
199.7500    0    1.750   1.0000          NULL 
201.5000    2   14.000   1.0000     videostim
215.5000    0    2.000   1.0000          NULL 
217.5000    1    9.000   1.0000     imagestim
226.5000    0    1.250   1.0000          NULL 
227.7500    1    9.000   1.0000     imagestim
236.7500    0    3.250   1.0000          NULL 
240.0000    1    9.000   1.0000     imagestim
249.0000    0    1.500   1.0000          NULL 
250.5000    2   14.000   1.0000     videostim
264.5000    0    2.750   1.0000          NULL 
267.2500    1    9.000   1.0000     imagestim
276.2500    0    5.000   1.0000          NULL 
281.2500    2   14.000   1.0000     videostim
295.2500    0    1.750   1.0000          NULL 
297.0000    2   14.000   1.0000     videostim
311.0000    0    2.750   1.0000          NULL 
313.7500    1    9.000   1.0000     imagestim
322.7500    0    1.000   1.0000          NULL 
323.7500    2   14.000   1.0000     videostim
337.7500    0    2.750   1.0000          NULL 
340.5000    2   14.000   1.0000     videostim
354.5000    0    5.000   1.0000          NULL 
359.5000    2   14.000   1.0000     videostim
373.5000    0    4.250   1.0000          NULL 
377.7500    1    9.000   1.0000     imagestim
386.7500    0    2.000   1.0000          NULL 
388.7500    1    9.000   1.0000     imagestim
397.7500    0    4.750   1.0000          NULL 
