  0.0000    1    9.000   1.0000     imagestim
  9.0000    0    5.250   1.0000          NULL 
 14.2500    1    9.000   1.0000     imagestim
 23.2500    0    1.250   1.0000          NULL 
 24.5000    1    9.000   1.0000     imagestim
 33.5000    0    1.000   1.0000          NULL 
 34.5000    1    9.000   1.0000     imagestim
 43.5000    0    1.500   1.0000          NULL 
 45.0000    1    9.000   1.0000     imagestim
 54.0000    0    2.500   1.0000          NULL 
 56.5000    1    9.000   1.0000     imagestim
 65.5000    0    1.000   1.0000          NULL 
 66.5000    1    9.000   1.0000     imagestim
 75.5000    0    8.250   1.0000          NULL 
 83.7500    1    9.000   1.0000     imagestim
 92.7500    0    3.250   1.0000          NULL 
 96.0000    1    9.000   1.0000     imagestim
105.0000    0    1.750   1.0000          NULL 
106.7500    2   14.000   1.0000     videostim
120.7500    0    1.000   1.0000          NULL 
121.7500    2   14.000   1.0000     videostim
135.7500    0    1.750   1.0000          NULL 
137.5000    1    9.000   1.0000     imagestim
146.5000    0    1.750   1.0000          NULL 
148.2500    2   14.000   1.0000     videostim
162.2500    0    3.500   1.0000          NULL 
165.7500    2   14.000   1.0000     videostim
179.7500    0    1.000   1.0000          NULL 
180.7500    2   14.000   1.0000     videostim
194.7500    0    1.500   1.0000          NULL 
196.2500    2   14.000   1.0000     videostim
210.2500    0    3.750   1.0000          NULL 
214.0000    2   14.000   1.0000     videostim
228.0000    0    5.250   1.0000          NULL 
233.2500    1    9.000   1.0000     imagestim
242.2500    0    8.750   1.0000          NULL 
251.0000    1    9.000   1.0000     imagestim
260.0000    0    2.750   1.0000          NULL 
262.7500    1    9.000   1.0000     imagestim
271.7500    0    4.250   1.0000          NULL 
276.0000    1    9.000   1.0000     imagestim
285.0000    0    1.000   1.0000          NULL 
286.0000    2   14.000   1.0000     videostim
300.0000    0    4.000   1.0000          NULL 
304.0000    2   14.000   1.0000     videostim
318.0000    0    1.500   1.0000          NULL 
319.5000    2   14.000   1.0000     videostim
333.5000    0    1.500   1.0000          NULL 
335.0000    2   14.000   1.0000     videostim
349.0000    0    4.500   1.0000          NULL 
353.5000    2   14.000   1.0000     videostim
367.5000    0    1.500   1.0000          NULL 
369.0000    2   14.000   1.0000     videostim
383.0000    0    3.750   1.0000          NULL 
386.7500    2   14.000   1.0000     videostim
400.7500    0    1.750   1.0000          NULL 
