  0.0000    2   14.000   1.0000     videostim
 14.0000    0    2.250   1.0000          NULL 
 16.2500    2   14.000   1.0000     videostim
 30.2500    0    1.000   1.0000          NULL 
 31.2500    2   14.000   1.0000     videostim
 45.2500    0    2.500   1.0000          NULL 
 47.7500    1    9.000   1.0000     imagestim
 56.7500    0    3.000   1.0000          NULL 
 59.7500    1    9.000   1.0000     imagestim
 68.7500    0    2.750   1.0000          NULL 
 71.5000    1    9.000   1.0000     imagestim
 80.5000    0    4.500   1.0000          NULL 
 85.0000    1    9.000   1.0000     imagestim
 94.0000    0    3.000   1.0000          NULL 
 97.0000    2   14.000   1.0000     videostim
111.0000    0    1.750   1.0000          NULL 
112.7500    2   14.000   1.0000     videostim
126.7500    0    1.500   1.0000          NULL 
128.2500    2   14.000   1.0000     videostim
142.2500    0    3.250   1.0000          NULL 
145.5000    1    9.000   1.0000     imagestim
154.5000    0    2.250   1.0000          NULL 
156.7500    2   14.000   1.0000     videostim
170.7500    0    2.000   1.0000          NULL 
172.7500    2   14.000   1.0000     videostim
186.7500    0    1.250   1.0000          NULL 
188.0000    1    9.000   1.0000     imagestim
197.0000    0   10.000   1.0000          NULL 
207.0000    1    9.000   1.0000     imagestim
216.0000    0    3.000   1.0000          NULL 
219.0000    2   14.000   1.0000     videostim
233.0000    0    1.500   1.0000          NULL 
234.5000    1    9.000   1.0000     imagestim
243.5000    0    4.750   1.0000          NULL 
248.2500    1    9.000   1.0000     imagestim
257.2500    0    3.000   1.0000          NULL 
260.2500    1    9.000   1.0000     imagestim
269.2500    0    1.000   1.0000          NULL 
270.2500    1    9.000   1.0000     imagestim
279.2500    0    2.500   1.0000          NULL 
281.7500    1    9.000   1.0000     imagestim
290.7500    0    3.750   1.0000          NULL 
294.5000    2   14.000   1.0000     videostim
308.5000    0    2.500   1.0000          NULL 
311.0000    1    9.000   1.0000     imagestim
320.0000    0    2.250   1.0000          NULL 
322.2500    2   14.000   1.0000     videostim
336.2500    0    1.000   1.0000          NULL 
337.2500    2   14.000   1.0000     videostim
351.2500    0    3.000   1.0000          NULL 
354.2500    2   14.000   1.0000     videostim
368.2500    0    3.750   1.0000          NULL 
372.0000    2   14.000   1.0000     videostim
386.0000    0    5.750   1.0000          NULL 
391.7500    1    9.000   1.0000     imagestim
400.7500    0    1.750   1.0000          NULL 
