  0.0000    2   14.000   1.0000     videostim
 14.0000    0    3.250   1.0000          NULL 
 17.2500    2   14.000   1.0000     videostim
 31.2500    0    1.000   1.0000          NULL 
 32.2500    2   14.000   1.0000     videostim
 46.2500    0    4.750   1.0000          NULL 
 51.0000    1    9.000   1.0000     imagestim
 60.0000    0    1.000   1.0000          NULL 
 61.0000    1    9.000   1.0000     imagestim
 70.0000    0    1.000   1.0000          NULL 
 71.0000    2   14.000   1.0000     videostim
 85.0000    0    1.750   1.0000          NULL 
 86.7500    2   14.000   1.0000     videostim
100.7500    0    5.000   1.0000          NULL 
105.7500    1    9.000   1.0000     imagestim
114.7500    0    1.500   1.0000          NULL 
116.2500    2   14.000   1.0000     videostim
130.2500    0    1.000   1.0000          NULL 
131.2500    2   14.000   1.0000     videostim
145.2500    0    2.250   1.0000          NULL 
147.5000    1    9.000   1.0000     imagestim
156.5000    0    4.750   1.0000          NULL 
161.2500    2   14.000   1.0000     videostim
175.2500    0    1.250   1.0000          NULL 
176.5000    2   14.000   1.0000     videostim
190.5000    0    2.000   1.0000          NULL 
192.5000    1    9.000   1.0000     imagestim
201.5000    0    1.250   1.0000          NULL 
202.7500    2   14.000   1.0000     videostim
216.7500    0    3.000   1.0000          NULL 
219.7500    1    9.000   1.0000     imagestim
228.7500    0    9.000   1.0000          NULL 
237.7500    1    9.000   1.0000     imagestim
246.7500    0   10.250   1.0000          NULL 
257.0000    2   14.000   1.0000     videostim
271.0000    0    9.500   1.0000          NULL 
280.5000    2   14.000   1.0000     videostim
294.5000    0    1.750   1.0000          NULL 
296.2500    1    9.000   1.0000     imagestim
305.2500    0    1.750   1.0000          NULL 
307.0000    1    9.000   1.0000     imagestim
316.0000    0    2.000   1.0000          NULL 
318.0000    2   14.000   1.0000     videostim
332.0000    0    1.750   1.0000          NULL 
333.7500    1    9.000   1.0000     imagestim
342.7500    0    1.000   1.0000          NULL 
343.7500    1    9.000   1.0000     imagestim
352.7500    0    3.750   1.0000          NULL 
356.5000    2   14.000   1.0000     videostim
370.5000    0    1.250   1.0000          NULL 
371.7500    1    9.000   1.0000     imagestim
380.7500    0    1.000   1.0000          NULL 
381.7500    1    9.000   1.0000     imagestim
390.7500    0    1.500   1.0000          NULL 
392.2500    1    9.000   1.0000     imagestim
401.2500    0    1.250   1.0000          NULL 
