  0.0000    1    9.000   1.0000     imagestim
  9.0000    0    1.000   1.0000          NULL 
 10.0000    1    9.000   1.0000     imagestim
 19.0000    0    8.000   1.0000          NULL 
 27.0000    2   14.000   1.0000     videostim
 41.0000    0    7.750   1.0000          NULL 
 48.7500    1    9.000   1.0000     imagestim
 57.7500    0    1.000   1.0000          NULL 
 58.7500    2   14.000   1.0000     videostim
 72.7500    0    1.500   1.0000          NULL 
 74.2500    1    9.000   1.0000     imagestim
 83.2500    0    3.500   1.0000          NULL 
 86.7500    2   14.000   1.0000     videostim
100.7500    0    1.250   1.0000          NULL 
102.0000    2   14.000   1.0000     videostim
116.0000    0    1.250   1.0000          NULL 
117.2500    2   14.000   1.0000     videostim
131.2500    0    1.000   1.0000          NULL 
132.2500    1    9.000   1.0000     imagestim
141.2500    0    2.250   1.0000          NULL 
143.5000    1    9.000   1.0000     imagestim
152.5000    0    1.750   1.0000          NULL 
154.2500    1    9.000   1.0000     imagestim
163.2500    0    1.250   1.0000          NULL 
164.5000    2   14.000   1.0000     videostim
178.5000    0    2.500   1.0000          NULL 
181.0000    2   14.000   1.0000     videostim
195.0000    0    3.000   1.0000          NULL 
198.0000    2   14.000   1.0000     videostim
212.0000    0    3.500   1.0000          NULL 
215.5000    1    9.000   1.0000     imagestim
224.5000    0    6.000   1.0000          NULL 
230.5000    2   14.000   1.0000     videostim
244.5000    0    7.000   1.0000          NULL 
251.5000    1    9.000   1.0000     imagestim
260.5000    0    6.250   1.0000          NULL 
266.7500    1    9.000   1.0000     imagestim
275.7500    0    1.750   1.0000          NULL 
277.5000    2   14.000   1.0000     videostim
291.5000    0    2.250   1.0000          NULL 
293.7500    2   14.000   1.0000     videostim
307.7500    0    3.000   1.0000          NULL 
310.7500    1    9.000   1.0000     imagestim
319.7500    0    2.000   1.0000          NULL 
321.7500    1    9.000   1.0000     imagestim
330.7500    0    1.500   1.0000          NULL 
332.2500    2   14.000   1.0000     videostim
346.2500    0    1.750   1.0000          NULL 
348.0000    1    9.000   1.0000     imagestim
357.0000    0    4.000   1.0000          NULL 
361.0000    1    9.000   1.0000     imagestim
370.0000    0    1.500   1.0000          NULL 
371.5000    2   14.000   1.0000     videostim
385.5000    0    1.500   1.0000          NULL 
387.0000    2   14.000   1.0000     videostim
401.0000    0    1.500   1.0000          NULL 
