  0.0000    1    9.000   1.0000     imagestim
  9.0000    0    2.250   1.0000          NULL 
 11.2500    1    9.000   1.0000     imagestim
 20.2500    0    1.000   1.0000          NULL 
 21.2500    2   14.000   1.0000     videostim
 35.2500    0    1.250   1.0000          NULL 
 36.5000    2   14.000   1.0000     videostim
 50.5000    0    3.500   1.0000          NULL 
 54.0000    1    9.000   1.0000     imagestim
 63.0000    0    6.500   1.0000          NULL 
 69.5000    1    9.000   1.0000     imagestim
 78.5000    0    1.250   1.0000          NULL 
 79.7500    1    9.000   1.0000     imagestim
 88.7500    0    4.250   1.0000          NULL 
 93.0000    2   14.000   1.0000     videostim
107.0000    0    9.000   1.0000          NULL 
116.0000    1    9.000   1.0000     imagestim
125.0000    0    2.750   1.0000          NULL 
127.7500    1    9.000   1.0000     imagestim
136.7500    0    4.250   1.0000          NULL 
141.0000    2   14.000   1.0000     videostim
155.0000    0    1.500   1.0000          NULL 
156.5000    1    9.000   1.0000     imagestim
165.5000    0    1.500   1.0000          NULL 
167.0000    2   14.000   1.0000     videostim
181.0000    0    1.000   1.0000          NULL 
182.0000    1    9.000   1.0000     imagestim
191.0000    0    1.000   1.0000          NULL 
192.0000    2   14.000   1.0000     videostim
206.0000    0    1.750   1.0000          NULL 
207.7500    2   14.000   1.0000     videostim
221.7500    0    2.500   1.0000          NULL 
224.2500    1    9.000   1.0000     imagestim
233.2500    0    3.000   1.0000          NULL 
236.2500    1    9.000   1.0000     imagestim
245.2500    0    1.000   1.0000          NULL 
246.2500    1    9.000   1.0000     imagestim
255.2500    0    3.750   1.0000          NULL 
259.0000    2   14.000   1.0000     videostim
273.0000    0    3.000   1.0000          NULL 
276.0000    2   14.000   1.0000     videostim
290.0000    0    2.750   1.0000          NULL 
292.7500    2   14.000   1.0000     videostim
306.7500    0    6.500   1.0000          NULL 
313.2500    2   14.000   1.0000     videostim
327.2500    0    6.000   1.0000          NULL 
333.2500    2   14.000   1.0000     videostim
347.2500    0    1.250   1.0000          NULL 
348.5000    2   14.000   1.0000     videostim
362.5000    0    2.500   1.0000          NULL 
365.0000    1    9.000   1.0000     imagestim
374.0000    0    1.750   1.0000          NULL 
375.7500    2   14.000   1.0000     videostim
389.7500    0    1.750   1.0000          NULL 
391.5000    1    9.000   1.0000     imagestim
400.5000    0    2.000   1.0000          NULL 
