  0.0000    1    9.000   1.0000     imagestim
  9.0000    0    1.500   1.0000          NULL 
 10.5000    1    9.000   1.0000     imagestim
 19.5000    0    4.500   1.0000          NULL 
 24.0000    2   14.000   1.0000     videostim
 38.0000    0    3.750   1.0000          NULL 
 41.7500    1    9.000   1.0000     imagestim
 50.7500    0    2.250   1.0000          NULL 
 53.0000    2   14.000   1.0000     videostim
 67.0000    0    2.250   1.0000          NULL 
 69.2500    1    9.000   1.0000     imagestim
 78.2500    0    2.500   1.0000          NULL 
 80.7500    2   14.000   1.0000     videostim
 94.7500    0    1.250   1.0000          NULL 
 96.0000    1    9.000   1.0000     imagestim
105.0000    0    1.250   1.0000          NULL 
106.2500    2   14.000   1.0000     videostim
120.2500    0    3.500   1.0000          NULL 
123.7500    1    9.000   1.0000     imagestim
132.7500    0    3.500   1.0000          NULL 
136.2500    2   14.000   1.0000     videostim
150.2500    0    1.250   1.0000          NULL 
151.5000    2   14.000   1.0000     videostim
165.5000    0    6.500   1.0000          NULL 
172.0000    2   14.000   1.0000     videostim
186.0000    0    4.750   1.0000          NULL 
190.7500    1    9.000   1.0000     imagestim
199.7500    0    1.250   1.0000          NULL 
201.0000    1    9.000   1.0000     imagestim
210.0000    0    1.500   1.0000          NULL 
211.5000    2   14.000   1.0000     videostim
225.5000    0    4.250   1.0000          NULL 
229.7500    1    9.000   1.0000     imagestim
238.7500    0    1.750   1.0000          NULL 
240.5000    2   14.000   1.0000     videostim
254.5000    0    3.500   1.0000          NULL 
258.0000    1    9.000   1.0000     imagestim
267.0000    0    1.000   1.0000          NULL 
268.0000    1    9.000   1.0000     imagestim
277.0000    0    1.750   1.0000          NULL 
278.7500    1    9.000   1.0000     imagestim
287.7500    0    2.250   1.0000          NULL 
290.0000    2   14.000   1.0000     videostim
304.0000    0    5.500   1.0000          NULL 
309.5000    2   14.000   1.0000     videostim
323.5000    0    2.250   1.0000          NULL 
325.7500    2   14.000   1.0000     videostim
339.7500    0    3.250   1.0000          NULL 
343.0000    2   14.000   1.0000     videostim
357.0000    0    2.000   1.0000          NULL 
359.0000    1    9.000   1.0000     imagestim
368.0000    0    5.500   1.0000          NULL 
373.5000    2   14.000   1.0000     videostim
387.5000    0    2.250   1.0000          NULL 
389.7500    1    9.000   1.0000     imagestim
398.7500    0    3.750   1.0000          NULL 
