  0.0000    1    9.000   1.0000     imagestim
  9.0000    0    2.000   1.0000          NULL 
 11.0000    1    9.000   1.0000     imagestim
 20.0000    0    1.000   1.0000          NULL 
 21.0000    2   14.000   1.0000     videostim
 35.0000    0    7.750   1.0000          NULL 
 42.7500    2   14.000   1.0000     videostim
 56.7500    0    1.250   1.0000          NULL 
 58.0000    2   14.000   1.0000     videostim
 72.0000    0    2.500   1.0000          NULL 
 74.5000    2   14.000   1.0000     videostim
 88.5000    0    1.500   1.0000          NULL 
 90.0000    2   14.000   1.0000     videostim
104.0000    0    2.750   1.0000          NULL 
106.7500    2   14.000   1.0000     videostim
120.7500    0    2.750   1.0000          NULL 
123.5000    1    9.000   1.0000     imagestim
132.5000    0    3.000   1.0000          NULL 
135.5000    1    9.000   1.0000     imagestim
144.5000    0    4.000   1.0000          NULL 
148.5000    1    9.000   1.0000     imagestim
157.5000    0    3.250   1.0000          NULL 
160.7500    1    9.000   1.0000     imagestim
169.7500    0    1.250   1.0000          NULL 
171.0000    2   14.000   1.0000     videostim
185.0000    0    3.000   1.0000          NULL 
188.0000    1    9.000   1.0000     imagestim
197.0000    0    8.000   1.0000          NULL 
205.0000    1    9.000   1.0000     imagestim
214.0000    0    1.000   1.0000          NULL 
215.0000    2   14.000   1.0000     videostim
229.0000    0    1.500   1.0000          NULL 
230.5000    1    9.000   1.0000     imagestim
239.5000    0    4.000   1.0000          NULL 
243.5000    1    9.000   1.0000     imagestim
252.5000    0    1.250   1.0000          NULL 
253.7500    1    9.000   1.0000     imagestim
262.7500    0    1.750   1.0000          NULL 
264.5000    2   14.000   1.0000     videostim
278.5000    0    4.250   1.0000          NULL 
282.7500    1    9.000   1.0000     imagestim
291.7500    0    1.000   1.0000          NULL 
292.7500    1    9.000   1.0000     imagestim
301.7500    0    6.000   1.0000          NULL 
307.7500    2   14.000   1.0000     videostim
321.7500    0    4.250   1.0000          NULL 
326.0000    2   14.000   1.0000     videostim
340.0000    0    2.500   1.0000          NULL 
342.5000    2   14.000   1.0000     videostim
356.5000    0    1.000   1.0000          NULL 
357.5000    2   14.000   1.0000     videostim
371.5000    0    4.000   1.0000          NULL 
375.5000    2   14.000   1.0000     videostim
389.5000    0    2.000   1.0000          NULL 
391.5000    1    9.000   1.0000     imagestim
400.5000    0    2.000   1.0000          NULL 
