  0.0000    1    9.000   1.0000     imagestim
  9.0000    0    1.250   1.0000          NULL 
 10.2500    1    9.000   1.0000     imagestim
 19.2500    0    4.500   1.0000          NULL 
 23.7500    1    9.000   1.0000     imagestim
 32.7500    0    4.250   1.0000          NULL 
 37.0000    1    9.000   1.0000     imagestim
 46.0000    0    2.750   1.0000          NULL 
 48.7500    1    9.000   1.0000     imagestim
 57.7500    0    2.250   1.0000          NULL 
 60.0000    2   14.000   1.0000     videostim
 74.0000    0    1.500   1.0000          NULL 
 75.5000    1    9.000   1.0000     imagestim
 84.5000    0    1.000   1.0000          NULL 
 85.5000    1    9.000   1.0000     imagestim
 94.5000    0    1.750   1.0000          NULL 
 96.2500    1    9.000   1.0000     imagestim
105.2500    0    3.750   1.0000          NULL 
109.0000    1    9.000   1.0000     imagestim
118.0000    0    1.250   1.0000          NULL 
119.2500    1    9.000   1.0000     imagestim
128.2500    0    1.250   1.0000          NULL 
129.5000    2   14.000   1.0000     videostim
143.5000    0    1.000   1.0000          NULL 
144.5000    2   14.000   1.0000     videostim
158.5000    0    2.000   1.0000          NULL 
160.5000    2   14.000   1.0000     videostim
174.5000    0    4.750   1.0000          NULL 
179.2500    2   14.000   1.0000     videostim
193.2500    0    7.750   1.0000          NULL 
201.0000    2   14.000   1.0000     videostim
215.0000    0    1.750   1.0000          NULL 
216.7500    2   14.000   1.0000     videostim
230.7500    0    1.500   1.0000          NULL 
232.2500    1    9.000   1.0000     imagestim
241.2500    0    2.000   1.0000          NULL 
243.2500    1    9.000   1.0000     imagestim
252.2500    0    2.500   1.0000          NULL 
254.7500    2   14.000   1.0000     videostim
268.7500    0    3.000   1.0000          NULL 
271.7500    2   14.000   1.0000     videostim
285.7500    0    3.000   1.0000          NULL 
288.7500    2   14.000   1.0000     videostim
302.7500    0    2.250   1.0000          NULL 
305.0000    1    9.000   1.0000     imagestim
314.0000    0    4.000   1.0000          NULL 
318.0000    2   14.000   1.0000     videostim
332.0000    0    2.500   1.0000          NULL 
334.5000    2   14.000   1.0000     videostim
348.5000    0    5.750   1.0000          NULL 
354.2500    1    9.000   1.0000     imagestim
363.2500    0    8.500   1.0000          NULL 
371.7500    2   14.000   1.0000     videostim
385.7500    0    1.500   1.0000          NULL 
387.2500    2   14.000   1.0000     videostim
401.2500    0    1.250   1.0000          NULL 
