  0.0000    1    9.000   1.0000     imagestim
  9.0000    0    1.000   1.0000          NULL 
 10.0000    2   14.000   1.0000     videostim
 24.0000    0    1.750   1.0000          NULL 
 25.7500    1    9.000   1.0000     imagestim
 34.7500    0    1.500   1.0000          NULL 
 36.2500    1    9.000   1.0000     imagestim
 45.2500    0    4.750   1.0000          NULL 
 50.0000    2   14.000   1.0000     videostim
 64.0000    0    2.250   1.0000          NULL 
 66.2500    2   14.000   1.0000     videostim
 80.2500    0    2.000   1.0000          NULL 
 82.2500    2   14.000   1.0000     videostim
 96.2500    0    2.250   1.0000          NULL 
 98.5000    2   14.000   1.0000     videostim
112.5000    0    1.000   1.0000          NULL 
113.5000    1    9.000   1.0000     imagestim
122.5000    0    7.250   1.0000          NULL 
129.7500    1    9.000   1.0000     imagestim
138.7500    0    2.250   1.0000          NULL 
141.0000    1    9.000   1.0000     imagestim
150.0000    0    1.500   1.0000          NULL 
151.5000    2   14.000   1.0000     videostim
165.5000    0    2.750   1.0000          NULL 
168.2500    2   14.000   1.0000     videostim
182.2500    0    1.250   1.0000          NULL 
183.5000    2   14.000   1.0000     videostim
197.5000    0    3.250   1.0000          NULL 
200.7500    2   14.000   1.0000     videostim
214.7500    0    3.000   1.0000          NULL 
217.7500    2   14.000   1.0000     videostim
231.7500    0    2.250   1.0000          NULL 
234.0000    2   14.000   1.0000     videostim
248.0000    0    1.500   1.0000          NULL 
249.5000    2   14.000   1.0000     videostim
263.5000    0    3.000   1.0000          NULL 
266.5000    1    9.000   1.0000     imagestim
275.5000    0    1.500   1.0000          NULL 
277.0000    1    9.000   1.0000     imagestim
286.0000    0    7.250   1.0000          NULL 
293.2500    1    9.000   1.0000     imagestim
302.2500    0    1.500   1.0000          NULL 
303.7500    1    9.000   1.0000     imagestim
312.7500    0    5.750   1.0000          NULL 
318.5000    1    9.000   1.0000     imagestim
327.5000    0    2.750   1.0000          NULL 
330.2500    2   14.000   1.0000     videostim
344.2500    0    1.250   1.0000          NULL 
345.5000    1    9.000   1.0000     imagestim
354.5000    0    2.750   1.0000          NULL 
357.2500    1    9.000   1.0000     imagestim
366.2500    0    1.750   1.0000          NULL 
368.0000    2   14.000   1.0000     videostim
382.0000    0    2.000   1.0000          NULL 
384.0000    1    9.000   1.0000     imagestim
393.0000    0    9.500   1.0000          NULL 
