  0.0000    1    9.000   1.0000     imagestim
  9.0000    0    1.000   1.0000          NULL 
 10.0000    1    9.000   1.0000     imagestim
 19.0000    0    3.500   1.0000          NULL 
 22.5000    1    9.000   1.0000     imagestim
 31.5000    0    4.000   1.0000          NULL 
 35.5000    1    9.000   1.0000     imagestim
 44.5000    0    1.250   1.0000          NULL 
 45.7500    2   14.000   1.0000     videostim
 59.7500    0    1.750   1.0000          NULL 
 61.5000    1    9.000   1.0000     imagestim
 70.5000    0    1.250   1.0000          NULL 
 71.7500    1    9.000   1.0000     imagestim
 80.7500    0    4.000   1.0000          NULL 
 84.7500    2   14.000   1.0000     videostim
 98.7500    0    5.750   1.0000          NULL 
104.5000    2   14.000   1.0000     videostim
118.5000    0    1.000   1.0000          NULL 
119.5000    1    9.000   1.0000     imagestim
128.5000    0    2.250   1.0000          NULL 
130.7500    1    9.000   1.0000     imagestim
139.7500    0    3.250   1.0000          NULL 
143.0000    2   14.000   1.0000     videostim
157.0000    0    3.000   1.0000          NULL 
160.0000    2   14.000   1.0000     videostim
174.0000    0    1.250   1.0000          NULL 
175.2500    2   14.000   1.0000     videostim
189.2500    0    4.750   1.0000          NULL 
194.0000    1    9.000   1.0000     imagestim
203.0000    0    1.750   1.0000          NULL 
204.7500    2   14.000   1.0000     videostim
218.7500    0    1.500   1.0000          NULL 
220.2500    2   14.000   1.0000     videostim
234.2500    0    4.750   1.0000          NULL 
239.0000    1    9.000   1.0000     imagestim
248.0000    0    4.000   1.0000          NULL 
252.0000    1    9.000   1.0000     imagestim
261.0000    0    1.250   1.0000          NULL 
262.2500    2   14.000   1.0000     videostim
276.2500    0    2.500   1.0000          NULL 
278.7500    2   14.000   1.0000     videostim
292.7500    0    2.000   1.0000          NULL 
294.7500    2   14.000   1.0000     videostim
308.7500    0    3.500   1.0000          NULL 
312.2500    1    9.000   1.0000     imagestim
321.2500    0    7.500   1.0000          NULL 
328.7500    2   14.000   1.0000     videostim
342.7500    0    1.500   1.0000          NULL 
344.2500    1    9.000   1.0000     imagestim
353.2500    0    5.500   1.0000          NULL 
358.7500    2   14.000   1.0000     videostim
372.7500    0    2.750   1.0000          NULL 
375.5000    2   14.000   1.0000     videostim
389.5000    0    2.000   1.0000          NULL 
391.5000    1    9.000   1.0000     imagestim
400.5000    0    2.000   1.0000          NULL 
