  0.0000    2   14.000   1.0000     videostim
 14.0000    0    2.750   1.0000          NULL 
 16.7500    2   14.000   1.0000     videostim
 30.7500    0    1.000   1.0000          NULL 
 31.7500    1    9.000   1.0000     imagestim
 40.7500    0    5.250   1.0000          NULL 
 46.0000    2   14.000   1.0000     videostim
 60.0000    0    4.500   1.0000          NULL 
 64.5000    1    9.000   1.0000     imagestim
 73.5000    0    1.000   1.0000          NULL 
 74.5000    1    9.000   1.0000     imagestim
 83.5000    0    1.750   1.0000          NULL 
 85.2500    1    9.000   1.0000     imagestim
 94.2500    0    1.250   1.0000          NULL 
 95.5000    2   14.000   1.0000     videostim
109.5000    0    2.000   1.0000          NULL 
111.5000    1    9.000   1.0000     imagestim
120.5000    0    2.500   1.0000          NULL 
123.0000    2   14.000   1.0000     videostim
137.0000    0    2.250   1.0000          NULL 
139.2500    1    9.000   1.0000     imagestim
148.2500    0    3.750   1.0000          NULL 
152.0000    2   14.000   1.0000     videostim
166.0000    0    2.750   1.0000          NULL 
168.7500    2   14.000   1.0000     videostim
182.7500    0    3.000   1.0000          NULL 
185.7500    2   14.000   1.0000     videostim
199.7500    0    1.500   1.0000          NULL 
201.2500    1    9.000   1.0000     imagestim
210.2500    0    3.500   1.0000          NULL 
213.7500    1    9.000   1.0000     imagestim
222.7500    0    5.000   1.0000          NULL 
227.7500    2   14.000   1.0000     videostim
241.7500    0    2.750   1.0000          NULL 
244.5000    2   14.000   1.0000     videostim
258.5000    0    2.250   1.0000          NULL 
260.7500    1    9.000   1.0000     imagestim
269.7500    0    2.000   1.0000          NULL 
271.7500    1    9.000   1.0000     imagestim
280.7500    0    2.000   1.0000          NULL 
282.7500    2   14.000   1.0000     videostim
296.7500    0    1.250   1.0000          NULL 
298.0000    2   14.000   1.0000     videostim
312.0000    0    1.000   1.0000          NULL 
313.0000    2   14.000   1.0000     videostim
327.0000    0    8.000   1.0000          NULL 
335.0000    1    9.000   1.0000     imagestim
344.0000    0    4.250   1.0000          NULL 
348.2500    1    9.000   1.0000     imagestim
357.2500    0    3.250   1.0000          NULL 
360.5000    1    9.000   1.0000     imagestim
369.5000    0    2.750   1.0000          NULL 
372.2500    2   14.000   1.0000     videostim
386.2500    0    2.750   1.0000          NULL 
389.0000    1    9.000   1.0000     imagestim
398.0000    0    4.500   1.0000          NULL 
