  0.0000    1    9.000   1.0000     imagestim
  9.0000    0    4.000   1.0000          NULL 
 13.0000    1    9.000   1.0000     imagestim
 22.0000    0    1.750   1.0000          NULL 
 23.7500    1    9.000   1.0000     imagestim
 32.7500    0    1.250   1.0000          NULL 
 34.0000    2   14.000   1.0000     videostim
 48.0000    0    3.000   1.0000          NULL 
 51.0000    1    9.000   1.0000     imagestim
 60.0000    0    1.750   1.0000          NULL 
 61.7500    1    9.000   1.0000     imagestim
 70.7500    0    2.000   1.0000          NULL 
 72.7500    1    9.000   1.0000     imagestim
 81.7500    0    1.000   1.0000          NULL 
 82.7500    1    9.000   1.0000     imagestim
 91.7500    0    2.500   1.0000          NULL 
 94.2500    2   14.000   1.0000     videostim
108.2500    0    2.750   1.0000          NULL 
111.0000    1    9.000   1.0000     imagestim
120.0000    0    3.500   1.0000          NULL 
123.5000    2   14.000   1.0000     videostim
137.5000    0    6.000   1.0000          NULL 
143.5000    2   14.000   1.0000     videostim
157.5000    0    2.250   1.0000          NULL 
159.7500    1    9.000   1.0000     imagestim
168.7500    0    5.250   1.0000          NULL 
174.0000    2   14.000   1.0000     videostim
188.0000    0    5.750   1.0000          NULL 
193.7500    2   14.000   1.0000     videostim
207.7500    0    1.250   1.0000          NULL 
209.0000    2   14.000   1.0000     videostim
223.0000    0    1.500   1.0000          NULL 
224.5000    2   14.000   1.0000     videostim
238.5000    0    1.500   1.0000          NULL 
240.0000    2   14.000   1.0000     videostim
254.0000    0    5.250   1.0000          NULL 
259.2500    2   14.000   1.0000     videostim
273.2500    0    3.000   1.0000          NULL 
276.2500    1    9.000   1.0000     imagestim
285.2500    0    2.500   1.0000          NULL 
287.7500    2   14.000   1.0000     videostim
301.7500    0    2.000   1.0000          NULL 
303.7500    2   14.000   1.0000     videostim
317.7500    0    2.000   1.0000          NULL 
319.7500    1    9.000   1.0000     imagestim
328.7500    0    2.500   1.0000          NULL 
331.2500    1    9.000   1.0000     imagestim
340.2500    0    4.500   1.0000          NULL 
344.7500    2   14.000   1.0000     videostim
358.7500    0    2.000   1.0000          NULL 
360.7500    1    9.000   1.0000     imagestim
369.7500    0    4.750   1.0000          NULL 
374.5000    1    9.000   1.0000     imagestim
383.5000    0    3.000   1.0000          NULL 
386.5000    2   14.000   1.0000     videostim
400.5000    0    2.000   1.0000          NULL 
