  0.0000    2   14.000   1.0000     videostim
 14.0000    0    1.750   1.0000          NULL 
 15.7500    1    9.000   1.0000     imagestim
 24.7500    0    1.750   1.0000          NULL 
 26.5000    1    9.000   1.0000     imagestim
 35.5000    0    1.750   1.0000          NULL 
 37.2500    1    9.000   1.0000     imagestim
 46.2500    0    2.000   1.0000          NULL 
 48.2500    2   14.000   1.0000     videostim
 62.2500    0    2.750   1.0000          NULL 
 65.0000    1    9.000   1.0000     imagestim
 74.0000    0    2.500   1.0000          NULL 
 76.5000    2   14.000   1.0000     videostim
 90.5000    0    3.000   1.0000          NULL 
 93.5000    1    9.000   1.0000     imagestim
102.5000    0    1.750   1.0000          NULL 
104.2500    1    9.000   1.0000     imagestim
113.2500    0    6.000   1.0000          NULL 
119.2500    1    9.000   1.0000     imagestim
128.2500    0    5.000   1.0000          NULL 
133.2500    2   14.000   1.0000     videostim
147.2500    0    4.750   1.0000          NULL 
152.0000    1    9.000   1.0000     imagestim
161.0000    0    1.500   1.0000          NULL 
162.5000    2   14.000   1.0000     videostim
176.5000    0    3.000   1.0000          NULL 
179.5000    2   14.000   1.0000     videostim
193.5000    0    1.500   1.0000          NULL 
195.0000    2   14.000   1.0000     videostim
209.0000    0    5.750   1.0000          NULL 
214.7500    1    9.000   1.0000     imagestim
223.7500    0    2.000   1.0000          NULL 
225.7500    2   14.000   1.0000     videostim
239.7500    0    1.000   1.0000          NULL 
240.7500    1    9.000   1.0000     imagestim
249.7500    0    3.250   1.0000          NULL 
253.0000    2   14.000   1.0000     videostim
267.0000    0    4.750   1.0000          NULL 
271.7500    2   14.000   1.0000     videostim
285.7500    0    1.000   1.0000          NULL 
286.7500    2   14.000   1.0000     videostim
300.7500    0    4.500   1.0000          NULL 
305.2500    2   14.000   1.0000     videostim
319.2500    0    5.250   1.0000          NULL 
324.5000    1    9.000   1.0000     imagestim
333.5000    0    1.750   1.0000          NULL 
335.2500    1    9.000   1.0000     imagestim
344.2500    0    1.250   1.0000          NULL 
345.5000    2   14.000   1.0000     videostim
359.5000    0    2.500   1.0000          NULL 
362.0000    1    9.000   1.0000     imagestim
371.0000    0    3.500   1.0000          NULL 
374.5000    2   14.000   1.0000     videostim
388.5000    0    1.750   1.0000          NULL 
390.2500    1    9.000   1.0000     imagestim
399.2500    0    3.250   1.0000          NULL 
