  0.0000    1    9.000   1.0000     imagestim
  9.0000    0    1.750   1.0000          NULL 
 10.7500    2   14.000   1.0000     videostim
 24.7500    0    4.500   1.0000          NULL 
 29.2500    2   14.000   1.0000     videostim
 43.2500    0    2.000   1.0000          NULL 
 45.2500    2   14.000   1.0000     videostim
 59.2500    0    1.000   1.0000          NULL 
 60.2500    2   14.000   1.0000     videostim
 74.2500    0    4.500   1.0000          NULL 
 78.7500    2   14.000   1.0000     videostim
 92.7500    0    2.750   1.0000          NULL 
 95.5000    2   14.000   1.0000     videostim
109.5000    0    5.500   1.0000          NULL 
115.0000    1    9.000   1.0000     imagestim
124.0000    0    2.250   1.0000          NULL 
126.2500    2   14.000   1.0000     videostim
140.2500    0    1.750   1.0000          NULL 
142.0000    1    9.000   1.0000     imagestim
151.0000    0    2.000   1.0000          NULL 
153.0000    1    9.000   1.0000     imagestim
162.0000    0    2.000   1.0000          NULL 
164.0000    2   14.000   1.0000     videostim
178.0000    0    4.500   1.0000          NULL 
182.5000    2   14.000   1.0000     videostim
196.5000    0    9.750   1.0000          NULL 
206.2500    1    9.000   1.0000     imagestim
215.2500    0    2.000   1.0000          NULL 
217.2500    1    9.000   1.0000     imagestim
226.2500    0    1.000   1.0000          NULL 
227.2500    2   14.000   1.0000     videostim
241.2500    0    2.750   1.0000          NULL 
244.0000    2   14.000   1.0000     videostim
258.0000    0    5.000   1.0000          NULL 
263.0000    1    9.000   1.0000     imagestim
272.0000    0    1.000   1.0000          NULL 
273.0000    2   14.000   1.0000     videostim
287.0000    0    2.500   1.0000          NULL 
289.5000    1    9.000   1.0000     imagestim
298.5000    0    2.250   1.0000          NULL 
300.7500    1    9.000   1.0000     imagestim
309.7500    0    2.750   1.0000          NULL 
312.5000    1    9.000   1.0000     imagestim
321.5000    0    2.500   1.0000          NULL 
324.0000    2   14.000   1.0000     videostim
338.0000    0    8.000   1.0000          NULL 
346.0000    1    9.000   1.0000     imagestim
355.0000    0    1.250   1.0000          NULL 
356.2500    1    9.000   1.0000     imagestim
365.2500    0    1.000   1.0000          NULL 
366.2500    1    9.000   1.0000     imagestim
375.2500    0    1.250   1.0000          NULL 
376.5000    1    9.000   1.0000     imagestim
385.5000    0    2.000   1.0000          NULL 
387.5000    2   14.000   1.0000     videostim
401.5000    0    1.000   1.0000          NULL 
