  0.0000    1    9.000   1.0000     imagestim
  9.0000    0    6.000   1.0000          NULL 
 15.0000    1    9.000   1.0000     imagestim
 24.0000    0    1.500   1.0000          NULL 
 25.5000    2   14.000   1.0000     videostim
 39.5000    0    1.000   1.0000          NULL 
 40.5000    2   14.000   1.0000     videostim
 54.5000    0    9.250   1.0000          NULL 
 63.7500    2   14.000   1.0000     videostim
 77.7500    0    1.000   1.0000          NULL 
 78.7500    2   14.000   1.0000     videostim
 92.7500    0    2.500   1.0000          NULL 
 95.2500    1    9.000   1.0000     imagestim
104.2500    0    3.250   1.0000          NULL 
107.5000    2   14.000   1.0000     videostim
121.5000    0    1.250   1.0000          NULL 
122.7500    1    9.000   1.0000     imagestim
131.7500    0    3.250   1.0000          NULL 
135.0000    2   14.000   1.0000     videostim
149.0000    0    1.750   1.0000          NULL 
150.7500    1    9.000   1.0000     imagestim
159.7500    0    1.000   1.0000          NULL 
160.7500    1    9.000   1.0000     imagestim
169.7500    0    3.000   1.0000          NULL 
172.7500    2   14.000   1.0000     videostim
186.7500    0    2.750   1.0000          NULL 
189.5000    1    9.000   1.0000     imagestim
198.5000    0    4.000   1.0000          NULL 
202.5000    1    9.000   1.0000     imagestim
211.5000    0    3.750   1.0000          NULL 
215.2500    1    9.000   1.0000     imagestim
224.2500    0    1.000   1.0000          NULL 
225.2500    2   14.000   1.0000     videostim
239.2500    0    3.750   1.0000          NULL 
243.0000    1    9.000   1.0000     imagestim
252.0000    0    3.750   1.0000          NULL 
255.7500    1    9.000   1.0000     imagestim
264.7500    0    1.500   1.0000          NULL 
266.2500    2   14.000   1.0000     videostim
280.2500    0    3.000   1.0000          NULL 
283.2500    2   14.000   1.0000     videostim
297.2500    0    2.000   1.0000          NULL 
299.2500    1    9.000   1.0000     imagestim
308.2500    0    2.000   1.0000          NULL 
310.2500    1    9.000   1.0000     imagestim
319.2500    0    5.750   1.0000          NULL 
325.0000    2   14.000   1.0000     videostim
339.0000    0    1.750   1.0000          NULL 
340.7500    1    9.000   1.0000     imagestim
349.7500    0    1.750   1.0000          NULL 
351.5000    2   14.000   1.0000     videostim
365.5000    0    3.000   1.0000          NULL 
368.5000    2   14.000   1.0000     videostim
382.5000    0    1.250   1.0000          NULL 
383.7500    2   14.000   1.0000     videostim
397.7500    0    4.750   1.0000          NULL 
