  0.0000    2   14.000   1.0000     videostim
 14.0000    0    2.000   1.0000          NULL 
 16.0000    1    9.000   1.0000     imagestim
 25.0000    0    8.250   1.0000          NULL 
 33.2500    2   14.000   1.0000     videostim
 47.2500    0    3.500   1.0000          NULL 
 50.7500    1    9.000   1.0000     imagestim
 59.7500    0    2.000   1.0000          NULL 
 61.7500    1    9.000   1.0000     imagestim
 70.7500    0    1.000   1.0000          NULL 
 71.7500    2   14.000   1.0000     videostim
 85.7500    0    2.250   1.0000          NULL 
 88.0000    1    9.000   1.0000     imagestim
 97.0000    0    3.000   1.0000          NULL 
100.0000    2   14.000   1.0000     videostim
114.0000    0    1.250   1.0000          NULL 
115.2500    1    9.000   1.0000     imagestim
124.2500    0    9.500   1.0000          NULL 
133.7500    2   14.000   1.0000     videostim
147.7500    0    1.250   1.0000          NULL 
149.0000    2   14.000   1.0000     videostim
163.0000    0    2.750   1.0000          NULL 
165.7500    2   14.000   1.0000     videostim
179.7500    0    5.000   1.0000          NULL 
184.7500    2   14.000   1.0000     videostim
198.7500    0    3.000   1.0000          NULL 
201.7500    2   14.000   1.0000     videostim
215.7500    0    4.500   1.0000          NULL 
220.2500    2   14.000   1.0000     videostim
234.2500    0    1.500   1.0000          NULL 
235.7500    2   14.000   1.0000     videostim
249.7500    0    4.500   1.0000          NULL 
254.2500    1    9.000   1.0000     imagestim
263.2500    0    2.250   1.0000          NULL 
265.5000    1    9.000   1.0000     imagestim
274.5000    0    1.250   1.0000          NULL 
275.7500    2   14.000   1.0000     videostim
289.7500    0    4.000   1.0000          NULL 
293.7500    1    9.000   1.0000     imagestim
302.7500    0    1.500   1.0000          NULL 
304.2500    2   14.000   1.0000     videostim
318.2500    0    3.000   1.0000          NULL 
321.2500    1    9.000   1.0000     imagestim
330.2500    0    1.750   1.0000          NULL 
332.0000    1    9.000   1.0000     imagestim
341.0000    0    1.500   1.0000          NULL 
342.5000    1    9.000   1.0000     imagestim
351.5000    0    1.000   1.0000          NULL 
352.5000    1    9.000   1.0000     imagestim
361.5000    0    2.250   1.0000          NULL 
363.7500    2   14.000   1.0000     videostim
377.7500    0    1.250   1.0000          NULL 
379.0000    1    9.000   1.0000     imagestim
388.0000    0    4.500   1.0000          NULL 
392.5000    1    9.000   1.0000     imagestim
401.5000    0    1.000   1.0000          NULL 
