  0.0000    2   14.000   1.0000     videostim
 14.0000    0    1.000   1.0000          NULL 
 15.0000    1    9.000   1.0000     imagestim
 24.0000    0    1.750   1.0000          NULL 
 25.7500    1    9.000   1.0000     imagestim
 34.7500    0    1.000   1.0000          NULL 
 35.7500    1    9.000   1.0000     imagestim
 44.7500    0    1.500   1.0000          NULL 
 46.2500    1    9.000   1.0000     imagestim
 55.2500    0    3.500   1.0000          NULL 
 58.7500    1    9.000   1.0000     imagestim
 67.7500    0    7.250   1.0000          NULL 
 75.0000    2   14.000   1.0000     videostim
 89.0000    0    1.500   1.0000          NULL 
 90.5000    2   14.000   1.0000     videostim
104.5000    0    2.750   1.0000          NULL 
107.2500    2   14.000   1.0000     videostim
121.2500    0    1.000   1.0000          NULL 
122.2500    1    9.000   1.0000     imagestim
131.2500    0    1.750   1.0000          NULL 
133.0000    2   14.000   1.0000     videostim
147.0000    0    2.000   1.0000          NULL 
149.0000    2   14.000   1.0000     videostim
163.0000    0    1.000   1.0000          NULL 
164.0000    1    9.000   1.0000     imagestim
173.0000    0    3.000   1.0000          NULL 
176.0000    2   14.000   1.0000     videostim
190.0000    0    1.500   1.0000          NULL 
191.5000    2   14.000   1.0000     videostim
205.5000    0    2.500   1.0000          NULL 
208.0000    2   14.000   1.0000     videostim
222.0000    0    5.000   1.0000          NULL 
227.0000    1    9.000   1.0000     imagestim
236.0000    0    2.250   1.0000          NULL 
238.2500    2   14.000   1.0000     videostim
252.2500    0    3.500   1.0000          NULL 
255.7500    1    9.000   1.0000     imagestim
264.7500    0    1.250   1.0000          NULL 
266.0000    1    9.000   1.0000     imagestim
275.0000    0    2.000   1.0000          NULL 
277.0000    2   14.000   1.0000     videostim
291.0000    0    1.500   1.0000          NULL 
292.5000    2   14.000   1.0000     videostim
306.5000    0    2.000   1.0000          NULL 
308.5000    1    9.000   1.0000     imagestim
317.5000    0   10.750   1.0000          NULL 
328.2500    2   14.000   1.0000     videostim
342.2500    0    7.500   1.0000          NULL 
349.7500    1    9.000   1.0000     imagestim
358.7500    0    1.750   1.0000          NULL 
360.5000    1    9.000   1.0000     imagestim
369.5000    0    3.500   1.0000          NULL 
373.0000    1    9.000   1.0000     imagestim
382.0000    0    1.500   1.0000          NULL 
383.5000    2   14.000   1.0000     videostim
397.5000    0    5.000   1.0000          NULL 
