  0.0000    2   14.000   1.0000     videostim
 14.0000    0    2.750   1.0000          NULL 
 16.7500    1    9.000   1.0000     imagestim
 25.7500    0    4.500   1.0000          NULL 
 30.2500    1    9.000   1.0000     imagestim
 39.2500    0    1.750   1.0000          NULL 
 41.0000    2   14.000   1.0000     videostim
 55.0000    0    2.500   1.0000          NULL 
 57.5000    1    9.000   1.0000     imagestim
 66.5000    0   11.250   1.0000          NULL 
 77.7500    1    9.000   1.0000     imagestim
 86.7500    0    1.000   1.0000          NULL 
 87.7500    1    9.000   1.0000     imagestim
 96.7500    0    1.000   1.0000          NULL 
 97.7500    2   14.000   1.0000     videostim
111.7500    0    6.750   1.0000          NULL 
118.5000    1    9.000   1.0000     imagestim
127.5000    0    2.250   1.0000          NULL 
129.7500    1    9.000   1.0000     imagestim
138.7500    0    1.500   1.0000          NULL 
140.2500    2   14.000   1.0000     videostim
154.2500    0    2.750   1.0000          NULL 
157.0000    2   14.000   1.0000     videostim
171.0000    0    4.500   1.0000          NULL 
175.5000    2   14.000   1.0000     videostim
189.5000    0    2.250   1.0000          NULL 
191.7500    2   14.000   1.0000     videostim
205.7500    0    1.500   1.0000          NULL 
207.2500    2   14.000   1.0000     videostim
221.2500    0    1.250   1.0000          NULL 
222.5000    1    9.000   1.0000     imagestim
231.5000    0    2.250   1.0000          NULL 
233.7500    2   14.000   1.0000     videostim
247.7500    0    2.750   1.0000          NULL 
250.5000    1    9.000   1.0000     imagestim
259.5000    0    3.250   1.0000          NULL 
262.7500    1    9.000   1.0000     imagestim
271.7500    0    1.000   1.0000          NULL 
272.7500    2   14.000   1.0000     videostim
286.7500    0    2.500   1.0000          NULL 
289.2500    1    9.000   1.0000     imagestim
298.2500    0    1.000   1.0000          NULL 
299.2500    1    9.000   1.0000     imagestim
308.2500    0    3.000   1.0000          NULL 
311.2500    1    9.000   1.0000     imagestim
320.2500    0    1.750   1.0000          NULL 
322.0000    1    9.000   1.0000     imagestim
331.0000    0    3.500   1.0000          NULL 
334.5000    2   14.000   1.0000     videostim
348.5000    0    1.000   1.0000          NULL 
349.5000    2   14.000   1.0000     videostim
363.5000    0    2.000   1.0000          NULL 
365.5000    2   14.000   1.0000     videostim
379.5000    0    5.500   1.0000          NULL 
385.0000    2   14.000   1.0000     videostim
399.0000    0    3.500   1.0000          NULL 
