  0.0000    1    9.000   1.0000     imagestim
  9.0000    0    1.750   1.0000          NULL 
 10.7500    1    9.000   1.0000     imagestim
 19.7500    0    2.500   1.0000          NULL 
 22.2500    2   14.000   1.0000     videostim
 36.2500    0    4.000   1.0000          NULL 
 40.2500    1    9.000   1.0000     imagestim
 49.2500    0    3.750   1.0000          NULL 
 53.0000    1    9.000   1.0000     imagestim
 62.0000    0    1.750   1.0000          NULL 
 63.7500    2   14.000   1.0000     videostim
 77.7500    0    1.500   1.0000          NULL 
 79.2500    2   14.000   1.0000     videostim
 93.2500    0    3.750   1.0000          NULL 
 97.0000    1    9.000   1.0000     imagestim
106.0000    0    4.500   1.0000          NULL 
110.5000    1    9.000   1.0000     imagestim
119.5000    0    1.750   1.0000          NULL 
121.2500    1    9.000   1.0000     imagestim
130.2500    0    5.500   1.0000          NULL 
135.7500    2   14.000   1.0000     videostim
149.7500    0    2.750   1.0000          NULL 
152.5000    1    9.000   1.0000     imagestim
161.5000    0    1.250   1.0000          NULL 
162.7500    2   14.000   1.0000     videostim
176.7500    0    1.250   1.0000          NULL 
178.0000    1    9.000   1.0000     imagestim
187.0000    0    1.000   1.0000          NULL 
188.0000    2   14.000   1.0000     videostim
202.0000    0    2.250   1.0000          NULL 
204.2500    2   14.000   1.0000     videostim
218.2500    0    4.250   1.0000          NULL 
222.5000    1    9.000   1.0000     imagestim
231.5000    0    1.000   1.0000          NULL 
232.5000    1    9.000   1.0000     imagestim
241.5000    0    2.750   1.0000          NULL 
244.2500    1    9.000   1.0000     imagestim
253.2500    0    3.250   1.0000          NULL 
256.5000    1    9.000   1.0000     imagestim
265.5000    0    3.000   1.0000          NULL 
268.5000    2   14.000   1.0000     videostim
282.5000    0    2.000   1.0000          NULL 
284.5000    1    9.000   1.0000     imagestim
293.5000    0    3.750   1.0000          NULL 
297.2500    2   14.000   1.0000     videostim
311.2500    0    2.250   1.0000          NULL 
313.5000    2   14.000   1.0000     videostim
327.5000    0    5.000   1.0000          NULL 
332.5000    2   14.000   1.0000     videostim
346.5000    0    2.500   1.0000          NULL 
349.0000    2   14.000   1.0000     videostim
363.0000    0    2.000   1.0000          NULL 
365.0000    2   14.000   1.0000     videostim
379.0000    0    7.500   1.0000          NULL 
386.5000    2   14.000   1.0000     videostim
400.5000    0    2.000   1.0000          NULL 
