  0.0000    1    9.000   1.0000     imagestim
  9.0000    0    8.000   1.0000          NULL 
 17.0000    2   14.000   1.0000     videostim
 31.0000    0    1.250   1.0000          NULL 
 32.2500    1    9.000   1.0000     imagestim
 41.2500    0    1.000   1.0000          NULL 
 42.2500    1    9.000   1.0000     imagestim
 51.2500    0    1.000   1.0000          NULL 
 52.2500    2   14.000   1.0000     videostim
 66.2500    0    6.500   1.0000          NULL 
 72.7500    2   14.000   1.0000     videostim
 86.7500    0    1.250   1.0000          NULL 
 88.0000    2   14.000   1.0000     videostim
102.0000    0    9.250   1.0000          NULL 
111.2500    1    9.000   1.0000     imagestim
120.2500    0    3.000   1.0000          NULL 
123.2500    1    9.000   1.0000     imagestim
132.2500    0    3.250   1.0000          NULL 
135.5000    1    9.000   1.0000     imagestim
144.5000    0    3.000   1.0000          NULL 
147.5000    1    9.000   1.0000     imagestim
156.5000    0    1.250   1.0000          NULL 
157.7500    1    9.000   1.0000     imagestim
166.7500    0    5.750   1.0000          NULL 
172.5000    2   14.000   1.0000     videostim
186.5000    0    3.000   1.0000          NULL 
189.5000    1    9.000   1.0000     imagestim
198.5000    0    1.000   1.0000          NULL 
199.5000    2   14.000   1.0000     videostim
213.5000    0    1.500   1.0000          NULL 
215.0000    1    9.000   1.0000     imagestim
224.0000    0    2.500   1.0000          NULL 
226.5000    2   14.000   1.0000     videostim
240.5000    0    4.500   1.0000          NULL 
245.0000    2   14.000   1.0000     videostim
259.0000    0    2.000   1.0000          NULL 
261.0000    2   14.000   1.0000     videostim
275.0000    0    1.000   1.0000          NULL 
276.0000    1    9.000   1.0000     imagestim
285.0000    0    1.000   1.0000          NULL 
286.0000    1    9.000   1.0000     imagestim
295.0000    0    7.500   1.0000          NULL 
302.5000    2   14.000   1.0000     videostim
316.5000    0    1.250   1.0000          NULL 
317.7500    1    9.000   1.0000     imagestim
326.7500    0    3.250   1.0000          NULL 
330.0000    2   14.000   1.0000     videostim
344.0000    0    1.750   1.0000          NULL 
345.7500    2   14.000   1.0000     videostim
359.7500    0    2.000   1.0000          NULL 
361.7500    1    9.000   1.0000     imagestim
370.7500    0    1.000   1.0000          NULL 
371.7500    2   14.000   1.0000     videostim
385.7500    0    1.750   1.0000          NULL 
387.5000    2   14.000   1.0000     videostim
401.5000    0    1.000   1.0000          NULL 
