  0.0000    1    9.000   1.0000     imagestim
  9.0000    0    1.500   1.0000          NULL 
 10.5000    2   14.000   1.0000     videostim
 24.5000    0    2.750   1.0000          NULL 
 27.2500    1    9.000   1.0000     imagestim
 36.2500    0    6.750   1.0000          NULL 
 43.0000    2   14.000   1.0000     videostim
 57.0000    0    1.250   1.0000          NULL 
 58.2500    2   14.000   1.0000     videostim
 72.2500    0    2.250   1.0000          NULL 
 74.5000    1    9.000   1.0000     imagestim
 83.5000    0    7.750   1.0000          NULL 
 91.2500    2   14.000   1.0000     videostim
105.2500    0    1.250   1.0000          NULL 
106.5000    2   14.000   1.0000     videostim
120.5000    0    1.500   1.0000          NULL 
122.0000    2   14.000   1.0000     videostim
136.0000    0    2.750   1.0000          NULL 
138.7500    1    9.000   1.0000     imagestim
147.7500    0    6.500   1.0000          NULL 
154.2500    1    9.000   1.0000     imagestim
163.2500    0    1.250   1.0000          NULL 
164.5000    2   14.000   1.0000     videostim
178.5000    0    2.500   1.0000          NULL 
181.0000    1    9.000   1.0000     imagestim
190.0000    0    5.000   1.0000          NULL 
195.0000    2   14.000   1.0000     videostim
209.0000    0    2.750   1.0000          NULL 
211.7500    2   14.000   1.0000     videostim
225.7500    0    2.000   1.0000          NULL 
227.7500    1    9.000   1.0000     imagestim
236.7500    0    4.500   1.0000          NULL 
241.2500    2   14.000   1.0000     videostim
255.2500    0    7.000   1.0000          NULL 
262.2500    1    9.000   1.0000     imagestim
271.2500    0    2.500   1.0000          NULL 
273.7500    1    9.000   1.0000     imagestim
282.7500    0    1.750   1.0000          NULL 
284.5000    1    9.000   1.0000     imagestim
293.5000    0    2.250   1.0000          NULL 
295.7500    1    9.000   1.0000     imagestim
304.7500    0    1.250   1.0000          NULL 
306.0000    1    9.000   1.0000     imagestim
315.0000    0    2.000   1.0000          NULL 
317.0000    2   14.000   1.0000     videostim
331.0000    0    3.500   1.0000          NULL 
334.5000    2   14.000   1.0000     videostim
348.5000    0    1.000   1.0000          NULL 
349.5000    1    9.000   1.0000     imagestim
358.5000    0    3.000   1.0000          NULL 
361.5000    2   14.000   1.0000     videostim
375.5000    0    1.000   1.0000          NULL 
376.5000    1    9.000   1.0000     imagestim
385.5000    0    1.750   1.0000          NULL 
387.2500    2   14.000   1.0000     videostim
401.2500    0    1.250   1.0000          NULL 
