  0.0000    1    9.000   1.0000     imagestim
  9.0000    0    6.250   1.0000          NULL 
 15.2500    1    9.000   1.0000     imagestim
 24.2500    0    3.250   1.0000          NULL 
 27.5000    1    9.000   1.0000     imagestim
 36.5000    0    1.750   1.0000          NULL 
 38.2500    2   14.000   1.0000     videostim
 52.2500    0    1.000   1.0000          NULL 
 53.2500    2   14.000   1.0000     videostim
 67.2500    0    2.250   1.0000          NULL 
 69.5000    2   14.000   1.0000     videostim
 83.5000    0    1.000   1.0000          NULL 
 84.5000    1    9.000   1.0000     imagestim
 93.5000    0    4.500   1.0000          NULL 
 98.0000    2   14.000   1.0000     videostim
112.0000    0    1.500   1.0000          NULL 
113.5000    2   14.000   1.0000     videostim
127.5000    0    3.500   1.0000          NULL 
131.0000    1    9.000   1.0000     imagestim
140.0000    0    1.000   1.0000          NULL 
141.0000    2   14.000   1.0000     videostim
155.0000    0    2.750   1.0000          NULL 
157.7500    1    9.000   1.0000     imagestim
166.7500    0    7.500   1.0000          NULL 
174.2500    2   14.000   1.0000     videostim
188.2500    0    2.000   1.0000          NULL 
190.2500    1    9.000   1.0000     imagestim
199.2500    0    4.500   1.0000          NULL 
203.7500    2   14.000   1.0000     videostim
217.7500    0    3.750   1.0000          NULL 
221.5000    1    9.000   1.0000     imagestim
230.5000    0    3.000   1.0000          NULL 
233.5000    1    9.000   1.0000     imagestim
242.5000    0    2.250   1.0000          NULL 
244.7500    1    9.000   1.0000     imagestim
253.7500    0    2.250   1.0000          NULL 
256.0000    1    9.000   1.0000     imagestim
265.0000    0    2.000   1.0000          NULL 
267.0000    2   14.000   1.0000     videostim
281.0000    0    2.000   1.0000          NULL 
283.0000    2   14.000   1.0000     videostim
297.0000    0    3.750   1.0000          NULL 
300.7500    1    9.000   1.0000     imagestim
309.7500    0    4.000   1.0000          NULL 
313.7500    2   14.000   1.0000     videostim
327.7500    0    2.250   1.0000          NULL 
330.0000    1    9.000   1.0000     imagestim
339.0000    0    1.500   1.0000          NULL 
340.5000    2   14.000   1.0000     videostim
354.5000    0    2.000   1.0000          NULL 
356.5000    1    9.000   1.0000     imagestim
365.5000    0    2.000   1.0000          NULL 
367.5000    2   14.000   1.0000     videostim
381.5000    0    2.000   1.0000          NULL 
383.5000    2   14.000   1.0000     videostim
397.5000    0    5.000   1.0000          NULL 
