  0.0000    1    9.000   1.0000     imagestim
  9.0000    0    1.250   1.0000          NULL 
 10.2500    1    9.000   1.0000     imagestim
 19.2500    0    1.500   1.0000          NULL 
 20.7500    2   14.000   1.0000     videostim
 34.7500    0    3.500   1.0000          NULL 
 38.2500    1    9.000   1.0000     imagestim
 47.2500    0    2.000   1.0000          NULL 
 49.2500    1    9.000   1.0000     imagestim
 58.2500    0    1.250   1.0000          NULL 
 59.5000    1    9.000   1.0000     imagestim
 68.5000    0    1.000   1.0000          NULL 
 69.5000    2   14.000   1.0000     videostim
 83.5000    0    1.000   1.0000          NULL 
 84.5000    1    9.000   1.0000     imagestim
 93.5000    0    1.750   1.0000          NULL 
 95.2500    2   14.000   1.0000     videostim
109.2500    0    3.000   1.0000          NULL 
112.2500    2   14.000   1.0000     videostim
126.2500    0    8.000   1.0000          NULL 
134.2500    2   14.000   1.0000     videostim
148.2500    0    2.500   1.0000          NULL 
150.7500    1    9.000   1.0000     imagestim
159.7500    0    2.250   1.0000          NULL 
162.0000    1    9.000   1.0000     imagestim
171.0000    0    5.000   1.0000          NULL 
176.0000    1    9.000   1.0000     imagestim
185.0000    0    1.000   1.0000          NULL 
186.0000    2   14.000   1.0000     videostim
200.0000    0    1.750   1.0000          NULL 
201.7500    1    9.000   1.0000     imagestim
210.7500    0    5.250   1.0000          NULL 
216.0000    1    9.000   1.0000     imagestim
225.0000    0    1.500   1.0000          NULL 
226.5000    2   14.000   1.0000     videostim
240.5000    0    1.250   1.0000          NULL 
241.7500    2   14.000   1.0000     videostim
255.7500    0    3.500   1.0000          NULL 
259.2500    1    9.000   1.0000     imagestim
268.2500    0   10.000   1.0000          NULL 
278.2500    2   14.000   1.0000     videostim
292.2500    0    5.000   1.0000          NULL 
297.2500    2   14.000   1.0000     videostim
311.2500    0    2.500   1.0000          NULL 
313.7500    2   14.000   1.0000     videostim
327.7500    0    2.500   1.0000          NULL 
330.2500    1    9.000   1.0000     imagestim
339.2500    0    3.250   1.0000          NULL 
342.5000    2   14.000   1.0000     videostim
356.5000    0    3.250   1.0000          NULL 
359.7500    2   14.000   1.0000     videostim
373.7500    0    1.500   1.0000          NULL 
375.2500    1    9.000   1.0000     imagestim
384.2500    0    3.250   1.0000          NULL 
387.5000    2   14.000   1.0000     videostim
401.5000    0    1.000   1.0000          NULL 
