  0.0000    2   14.000   1.0000     videostim
 14.0000    0    2.500   1.0000          NULL 
 16.5000    1    9.000   1.0000     imagestim
 25.5000    0    3.500   1.0000          NULL 
 29.0000    1    9.000   1.0000     imagestim
 38.0000    0    1.000   1.0000          NULL 
 39.0000    1    9.000   1.0000     imagestim
 48.0000    0    1.000   1.0000          NULL 
 49.0000    1    9.000   1.0000     imagestim
 58.0000    0    5.500   1.0000          NULL 
 63.5000    2   14.000   1.0000     videostim
 77.5000    0    1.000   1.0000          NULL 
 78.5000    2   14.000   1.0000     videostim
 92.5000    0    1.750   1.0000          NULL 
 94.2500    1    9.000   1.0000     imagestim
103.2500    0    6.250   1.0000          NULL 
109.5000    1    9.000   1.0000     imagestim
118.5000    0    3.000   1.0000          NULL 
121.5000    1    9.000   1.0000     imagestim
130.5000    0    1.500   1.0000          NULL 
132.0000    2   14.000   1.0000     videostim
146.0000    0    4.500   1.0000          NULL 
150.5000    1    9.000   1.0000     imagestim
159.5000    0    1.500   1.0000          NULL 
161.0000    2   14.000   1.0000     videostim
175.0000    0    1.250   1.0000          NULL 
176.2500    1    9.000   1.0000     imagestim
185.2500    0    1.500   1.0000          NULL 
186.7500    1    9.000   1.0000     imagestim
195.7500    0    1.250   1.0000          NULL 
197.0000    2   14.000   1.0000     videostim
211.0000    0    1.000   1.0000          NULL 
212.0000    1    9.000   1.0000     imagestim
221.0000    0    2.750   1.0000          NULL 
223.7500    2   14.000   1.0000     videostim
237.7500    0    3.250   1.0000          NULL 
241.0000    2   14.000   1.0000     videostim
255.0000    0    8.500   1.0000          NULL 
263.5000    2   14.000   1.0000     videostim
277.5000    0    2.750   1.0000          NULL 
280.2500    2   14.000   1.0000     videostim
294.2500    0    7.500   1.0000          NULL 
301.7500    1    9.000   1.0000     imagestim
310.7500    0    1.250   1.0000          NULL 
312.0000    2   14.000   1.0000     videostim
326.0000    0    4.500   1.0000          NULL 
330.5000    1    9.000   1.0000     imagestim
339.5000    0    1.750   1.0000          NULL 
341.2500    2   14.000   1.0000     videostim
355.2500    0    2.000   1.0000          NULL 
357.2500    2   14.000   1.0000     videostim
371.2500    0    4.750   1.0000          NULL 
376.0000    2   14.000   1.0000     videostim
390.0000    0    2.500   1.0000          NULL 
392.5000    1    9.000   1.0000     imagestim
401.5000    0    1.000   1.0000          NULL 
