  0.0000    2   14.000   1.0000     videostim
 14.0000    0    3.250   1.0000          NULL 
 17.2500    1    9.000   1.0000     imagestim
 26.2500    0    3.250   1.0000          NULL 
 29.5000    1    9.000   1.0000     imagestim
 38.5000    0    1.500   1.0000          NULL 
 40.0000    1    9.000   1.0000     imagestim
 49.0000    0    3.750   1.0000          NULL 
 52.7500    1    9.000   1.0000     imagestim
 61.7500    0    5.500   1.0000          NULL 
 67.2500    1    9.000   1.0000     imagestim
 76.2500    0    5.250   1.0000          NULL 
 81.5000    1    9.000   1.0000     imagestim
 90.5000    0    4.250   1.0000          NULL 
 94.7500    2   14.000   1.0000     videostim
108.7500    0    1.000   1.0000          NULL 
109.7500    2   14.000   1.0000     videostim
123.7500    0    3.500   1.0000          NULL 
127.2500    1    9.000   1.0000     imagestim
136.2500    0    1.250   1.0000          NULL 
137.5000    2   14.000   1.0000     videostim
151.5000    0    2.500   1.0000          NULL 
154.0000    2   14.000   1.0000     videostim
168.0000    0    2.000   1.0000          NULL 
170.0000    2   14.000   1.0000     videostim
184.0000    0    1.750   1.0000          NULL 
185.7500    2   14.000   1.0000     videostim
199.7500    0    1.000   1.0000          NULL 
200.7500    1    9.000   1.0000     imagestim
209.7500    0    1.000   1.0000          NULL 
210.7500    2   14.000   1.0000     videostim
224.7500    0    1.750   1.0000          NULL 
226.5000    2   14.000   1.0000     videostim
240.5000    0    3.750   1.0000          NULL 
244.2500    1    9.000   1.0000     imagestim
253.2500    0    3.750   1.0000          NULL 
257.0000    2   14.000   1.0000     videostim
271.0000    0    1.250   1.0000          NULL 
272.2500    2   14.000   1.0000     videostim
286.2500    0    1.500   1.0000          NULL 
287.7500    1    9.000   1.0000     imagestim
296.7500    0    2.250   1.0000          NULL 
299.0000    2   14.000   1.0000     videostim
313.0000    0    1.250   1.0000          NULL 
314.2500    1    9.000   1.0000     imagestim
323.2500    0    1.000   1.0000          NULL 
324.2500    1    9.000   1.0000     imagestim
333.2500    0    1.500   1.0000          NULL 
334.7500    2   14.000   1.0000     videostim
348.7500    0    5.250   1.0000          NULL 
354.0000    1    9.000   1.0000     imagestim
363.0000    0    5.000   1.0000          NULL 
368.0000    2   14.000   1.0000     videostim
382.0000    0    1.250   1.0000          NULL 
383.2500    1    9.000   1.0000     imagestim
392.2500    0   10.250   1.0000          NULL 
