  0.0000    1    9.000   1.0000     imagestim
  9.0000    0    3.500   1.0000          NULL 
 12.5000    2   14.000   1.0000     videostim
 26.5000    0    3.750   1.0000          NULL 
 30.2500    1    9.000   1.0000     imagestim
 39.2500    0    4.250   1.0000          NULL 
 43.5000    1    9.000   1.0000     imagestim
 52.5000    0    2.500   1.0000          NULL 
 55.0000    1    9.000   1.0000     imagestim
 64.0000    0    2.750   1.0000          NULL 
 66.7500    2   14.000   1.0000     videostim
 80.7500    0    1.000   1.0000          NULL 
 81.7500    1    9.000   1.0000     imagestim
 90.7500    0    6.000   1.0000          NULL 
 96.7500    2   14.000   1.0000     videostim
110.7500    0    2.500   1.0000          NULL 
113.2500    1    9.000   1.0000     imagestim
122.2500    0    2.500   1.0000          NULL 
124.7500    1    9.000   1.0000     imagestim
133.7500    0    2.250   1.0000          NULL 
136.0000    2   14.000   1.0000     videostim
150.0000    0    8.500   1.0000          NULL 
158.5000    1    9.000   1.0000     imagestim
167.5000    0    1.250   1.0000          NULL 
168.7500    2   14.000   1.0000     videostim
182.7500    0    3.750   1.0000          NULL 
186.5000    2   14.000   1.0000     videostim
200.5000    0    2.750   1.0000          NULL 
203.2500    1    9.000   1.0000     imagestim
212.2500    0    1.000   1.0000          NULL 
213.2500    2   14.000   1.0000     videostim
227.2500    0    1.000   1.0000          NULL 
228.2500    1    9.000   1.0000     imagestim
237.2500    0    1.250   1.0000          NULL 
238.5000    2   14.000   1.0000     videostim
252.5000    0    2.500   1.0000          NULL 
255.0000    2   14.000   1.0000     videostim
269.0000    0    5.500   1.0000          NULL 
274.5000    2   14.000   1.0000     videostim
288.5000    0    1.750   1.0000          NULL 
290.2500    1    9.000   1.0000     imagestim
299.2500    0    5.750   1.0000          NULL 
305.0000    2   14.000   1.0000     videostim
319.0000    0    4.000   1.0000          NULL 
323.0000    1    9.000   1.0000     imagestim
332.0000    0    1.000   1.0000          NULL 
333.0000    1    9.000   1.0000     imagestim
342.0000    0    1.500   1.0000          NULL 
343.5000    2   14.000   1.0000     videostim
357.5000    0    1.250   1.0000          NULL 
358.7500    2   14.000   1.0000     videostim
372.7500    0    2.500   1.0000          NULL 
375.2500    2   14.000   1.0000     videostim
389.2500    0    2.500   1.0000          NULL 
391.7500    1    9.000   1.0000     imagestim
400.7500    0    1.750   1.0000          NULL 
