  0.0000    2   14.000   1.0000     videostim
 14.0000    0    2.250   1.0000          NULL 
 16.2500    1    9.000   1.0000     imagestim
 25.2500    0    1.500   1.0000          NULL 
 26.7500    2   14.000   1.0000     videostim
 40.7500    0    1.250   1.0000          NULL 
 42.0000    1    9.000   1.0000     imagestim
 51.0000    0    1.750   1.0000          NULL 
 52.7500    2   14.000   1.0000     videostim
 66.7500    0    2.750   1.0000          NULL 
 69.5000    2   14.000   1.0000     videostim
 83.5000    0    3.750   1.0000          NULL 
 87.2500    2   14.000   1.0000     videostim
101.2500    0    1.500   1.0000          NULL 
102.7500    1    9.000   1.0000     imagestim
111.7500    0    1.750   1.0000          NULL 
113.5000    2   14.000   1.0000     videostim
127.5000    0    1.000   1.0000          NULL 
128.5000    2   14.000   1.0000     videostim
142.5000    0    1.250   1.0000          NULL 
143.7500    2   14.000   1.0000     videostim
157.7500    0    1.250   1.0000          NULL 
159.0000    1    9.000   1.0000     imagestim
168.0000    0    1.750   1.0000          NULL 
169.7500    1    9.000   1.0000     imagestim
178.7500    0    4.500   1.0000          NULL 
183.2500    1    9.000   1.0000     imagestim
192.2500    0    2.250   1.0000          NULL 
194.5000    2   14.000   1.0000     videostim
208.5000    0    2.000   1.0000          NULL 
210.5000    2   14.000   1.0000     videostim
224.5000    0    2.250   1.0000          NULL 
226.7500    1    9.000   1.0000     imagestim
235.7500    0    6.500   1.0000          NULL 
242.2500    1    9.000   1.0000     imagestim
251.2500    0    1.500   1.0000          NULL 
252.7500    1    9.000   1.0000     imagestim
261.7500    0    4.500   1.0000          NULL 
266.2500    2   14.000   1.0000     videostim
280.2500    0    2.500   1.0000          NULL 
282.7500    2   14.000   1.0000     videostim
296.7500    0    2.250   1.0000          NULL 
299.0000    1    9.000   1.0000     imagestim
308.0000    0    7.250   1.0000          NULL 
315.2500    1    9.000   1.0000     imagestim
324.2500    0    4.750   1.0000          NULL 
329.0000    1    9.000   1.0000     imagestim
338.0000    0    2.250   1.0000          NULL 
340.2500    2   14.000   1.0000     videostim
354.2500    0    7.000   1.0000          NULL 
361.2500    1    9.000   1.0000     imagestim
370.2500    0    4.750   1.0000          NULL 
375.0000    2   14.000   1.0000     videostim
389.0000    0    1.750   1.0000          NULL 
390.7500    1    9.000   1.0000     imagestim
399.7500    0    2.750   1.0000          NULL 
