  0.0000    2   14.000   1.0000     videostim
 14.0000    0    1.250   1.0000          NULL 
 15.2500    2   14.000   1.0000     videostim
 29.2500    0    1.500   1.0000          NULL 
 30.7500    1    9.000   1.0000     imagestim
 39.7500    0    4.500   1.0000          NULL 
 44.2500    1    9.000   1.0000     imagestim
 53.2500    0    9.750   1.0000          NULL 
 63.0000    2   14.000   1.0000     videostim
 77.0000    0    2.000   1.0000          NULL 
 79.0000    2   14.000   1.0000     videostim
 93.0000    0    1.000   1.0000          NULL 
 94.0000    2   14.000   1.0000     videostim
108.0000    0    4.000   1.0000          NULL 
112.0000    1    9.000   1.0000     imagestim
121.0000    0    2.000   1.0000          NULL 
123.0000    1    9.000   1.0000     imagestim
132.0000    0    2.500   1.0000          NULL 
134.5000    1    9.000   1.0000     imagestim
143.5000    0    2.000   1.0000          NULL 
145.5000    1    9.000   1.0000     imagestim
154.5000    0    1.000   1.0000          NULL 
155.5000    1    9.000   1.0000     imagestim
164.5000    0    4.500   1.0000          NULL 
169.0000    1    9.000   1.0000     imagestim
178.0000    0    4.250   1.0000          NULL 
182.2500    1    9.000   1.0000     imagestim
191.2500    0    2.000   1.0000          NULL 
193.2500    1    9.000   1.0000     imagestim
202.2500    0    1.750   1.0000          NULL 
204.0000    1    9.000   1.0000     imagestim
213.0000    0    3.500   1.0000          NULL 
216.5000    2   14.000   1.0000     videostim
230.5000    0    3.500   1.0000          NULL 
234.0000    1    9.000   1.0000     imagestim
243.0000    0    2.250   1.0000          NULL 
245.2500    2   14.000   1.0000     videostim
259.2500    0    4.000   1.0000          NULL 
263.2500    2   14.000   1.0000     videostim
277.2500    0    1.500   1.0000          NULL 
278.7500    2   14.000   1.0000     videostim
292.7500    0    1.000   1.0000          NULL 
293.7500    1    9.000   1.0000     imagestim
302.7500    0    2.250   1.0000          NULL 
305.0000    2   14.000   1.0000     videostim
319.0000    0    4.000   1.0000          NULL 
323.0000    2   14.000   1.0000     videostim
337.0000    0    3.250   1.0000          NULL 
340.2500    1    9.000   1.0000     imagestim
349.2500    0    2.000   1.0000          NULL 
351.2500    2   14.000   1.0000     videostim
365.2500    0    2.000   1.0000          NULL 
367.2500    2   14.000   1.0000     videostim
381.2500    0    2.000   1.0000          NULL 
383.2500    2   14.000   1.0000     videostim
397.2500    0    5.250   1.0000          NULL 
