  0.0000    2   14.000   1.0000     videostim
 14.0000    0    1.500   1.0000          NULL 
 15.5000    1    9.000   1.0000     imagestim
 24.5000    0    2.500   1.0000          NULL 
 27.0000    1    9.000   1.0000     imagestim
 36.0000    0    1.000   1.0000          NULL 
 37.0000    2   14.000   1.0000     videostim
 51.0000    0    1.000   1.0000          NULL 
 52.0000    1    9.000   1.0000     imagestim
 61.0000    0    7.500   1.0000          NULL 
 68.5000    1    9.000   1.0000     imagestim
 77.5000    0    7.750   1.0000          NULL 
 85.2500    2   14.000   1.0000     videostim
 99.2500    0    2.500   1.0000          NULL 
101.7500    1    9.000   1.0000     imagestim
110.7500    0    2.250   1.0000          NULL 
113.0000    1    9.000   1.0000     imagestim
122.0000    0    6.500   1.0000          NULL 
128.5000    2   14.000   1.0000     videostim
142.5000    0    3.250   1.0000          NULL 
145.7500    2   14.000   1.0000     videostim
159.7500    0    2.500   1.0000          NULL 
162.2500    2   14.000   1.0000     videostim
176.2500    0    1.500   1.0000          NULL 
177.7500    1    9.000   1.0000     imagestim
186.7500    0    2.250   1.0000          NULL 
189.0000    1    9.000   1.0000     imagestim
198.0000    0    7.250   1.0000          NULL 
205.2500    1    9.000   1.0000     imagestim
214.2500    0    1.250   1.0000          NULL 
215.5000    2   14.000   1.0000     videostim
229.5000    0    2.500   1.0000          NULL 
232.0000    2   14.000   1.0000     videostim
246.0000    0    5.750   1.0000          NULL 
251.7500    1    9.000   1.0000     imagestim
260.7500    0    2.500   1.0000          NULL 
263.2500    2   14.000   1.0000     videostim
277.2500    0    1.750   1.0000          NULL 
279.0000    2   14.000   1.0000     videostim
293.0000    0    1.750   1.0000          NULL 
294.7500    1    9.000   1.0000     imagestim
303.7500    0    1.000   1.0000          NULL 
304.7500    1    9.000   1.0000     imagestim
313.7500    0    1.250   1.0000          NULL 
315.0000    1    9.000   1.0000     imagestim
324.0000    0    1.250   1.0000          NULL 
325.2500    2   14.000   1.0000     videostim
339.2500    0    4.250   1.0000          NULL 
343.5000    2   14.000   1.0000     videostim
357.5000    0    2.250   1.0000          NULL 
359.7500    1    9.000   1.0000     imagestim
368.7500    0    3.250   1.0000          NULL 
372.0000    2   14.000   1.0000     videostim
386.0000    0    1.000   1.0000          NULL 
387.0000    2   14.000   1.0000     videostim
401.0000    0    1.500   1.0000          NULL 
