  0.0000    1    9.000   1.0000     imagestim
  9.0000    0    1.750   1.0000          NULL 
 10.7500    1    9.000   1.0000     imagestim
 19.7500    0    2.750   1.0000          NULL 
 22.5000    2   14.000   1.0000     videostim
 36.5000    0    2.500   1.0000          NULL 
 39.0000    2   14.000   1.0000     videostim
 53.0000    0    3.750   1.0000          NULL 
 56.7500    2   14.000   1.0000     videostim
 70.7500    0    4.250   1.0000          NULL 
 75.0000    2   14.000   1.0000     videostim
 89.0000    0    1.000   1.0000          NULL 
 90.0000    1    9.000   1.0000     imagestim
 99.0000    0    1.000   1.0000          NULL 
100.0000    1    9.000   1.0000     imagestim
109.0000    0    2.250   1.0000          NULL 
111.2500    2   14.000   1.0000     videostim
125.2500    0    2.500   1.0000          NULL 
127.7500    2   14.000   1.0000     videostim
141.7500    0    1.000   1.0000          NULL 
142.7500    1    9.000   1.0000     imagestim
151.7500    0    4.500   1.0000          NULL 
156.2500    1    9.000   1.0000     imagestim
165.2500    0    2.500   1.0000          NULL 
167.7500    1    9.000   1.0000     imagestim
176.7500    0    3.250   1.0000          NULL 
180.0000    2   14.000   1.0000     videostim
194.0000    0    3.250   1.0000          NULL 
197.2500    1    9.000   1.0000     imagestim
206.2500    0    2.000   1.0000          NULL 
208.2500    2   14.000   1.0000     videostim
222.2500    0    6.500   1.0000          NULL 
228.7500    2   14.000   1.0000     videostim
242.7500    0    1.500   1.0000          NULL 
244.2500    1    9.000   1.0000     imagestim
253.2500    0    1.500   1.0000          NULL 
254.7500    2   14.000   1.0000     videostim
268.7500    0    1.250   1.0000          NULL 
270.0000    2   14.000   1.0000     videostim
284.0000    0    2.500   1.0000          NULL 
286.5000    1    9.000   1.0000     imagestim
295.5000    0    5.250   1.0000          NULL 
300.7500    2   14.000   1.0000     videostim
314.7500    0    3.750   1.0000          NULL 
318.5000    1    9.000   1.0000     imagestim
327.5000    0    7.000   1.0000          NULL 
334.5000    2   14.000   1.0000     videostim
348.5000    0    5.500   1.0000          NULL 
354.0000    1    9.000   1.0000     imagestim
363.0000    0    1.750   1.0000          NULL 
364.7500    1    9.000   1.0000     imagestim
373.7500    0    2.250   1.0000          NULL 
376.0000    1    9.000   1.0000     imagestim
385.0000    0    1.750   1.0000          NULL 
386.7500    2   14.000   1.0000     videostim
400.7500    0    1.750   1.0000          NULL 
